(4, 0.05, 12.602898550724637, 432.5536231884058)
(4, 0.1, 15.804638088545326, 666.1335207308504)
(4, 0.15, 25.98252069917203, 2020.001839926403)
(4, 0.2, 48.471143756558234, 6209.994053864988)
(4, 0.05, 9.03590425531915, 221.98271276595744)
(4, 0.1, 13.904727793696274, 536.03223495702)
(4, 0.15, 32.17497691597415, 3303.5369344413666)
(4, 0.2, 52.1757555847569, 7427.170499342969)
(4, 0.05, 8.754010695187166, 213.25935828877004)
(4, 0.1, 13.360378634212305, 478.6004056795132)
(4, 0.15, 23.056122448979593, 1434.6915584415585)
(4, 0.2, 51.27644474484623, 7711.226427847246)
(4, 0.05, 8.010989010989011, 170.97527472527472)
(4, 0.1, 11.751247327156094, 353.327868852459)
(4, 0.15, 19.576648841354725, 934.090017825312)
(4, 0.2, 51.42626805508902, 7491.434329862277)
(4, 0.05, 8.579634464751958, 203.11749347258487)
(4, 0.1, 13.198335644937586, 495.20665742024966)
(4, 0.15, 20.949349442379184, 1325.7411710037175)
(4, 0.2, 47.558035714285715, 6925.010645604396)
(4, 0.05, 8.866851595006935, 216.13176144244105)
(4, 0.1, 11.934336525307797, 358.34199726402187)
(4, 0.15, 17.80972818311874, 797.2422508345255)
(4, 0.2, 43.51536071798412, 5110.7511218501895)
(4, 0.05, 7.739766081871345, 171.43859649122808)
(4, 0.1, 10.667358229598893, 299.80567081604426)
(4, 0.15, 17.175011698642958, 770.5273748245204)
(4, 0.2, 47.88658743633277, 6241.81324278438)
(4, 0.05, 7.739189189189189, 156.15)
(4, 0.1, 11.062585969738652, 305.75584594222835)
(4, 0.15, 26.709481550677253, 2864.8271835590845)
(4, 0.2, 47.72931810314988, 6210.764970578055)
(4, 0.05, 9.544502617801047, 273.630890052356)
(4, 0.1, 11.693288590604027, 346.5523489932886)
(4, 0.15, 26.20498866213152, 2300.60589569161)
(4, 0.2, 54.87364498644986, 7811.778116531165)
(4, 0.05, 8.628691983122362, 214.33333333333334)
(4, 0.1, 11.77755376344086, 331.9670698924731)
(4, 0.15, 19.843454790823213, 1005.1569950517319)
(4, 0.2, 49.8641638225256, 6978.253924914676)
(4, 0.05, 8.756393001345895, 206.92328398384927)
(4, 0.1, 10.501769285208775, 271.74026893135175)
(4, 0.15, 17.48010849909584, 687.9611211573236)
(4, 0.2, 52.90046760187041, 7922.4175016700065)
(4, 0.05, 7.6103896103896105, 162.87734487734488)
(4, 0.1, 11.566643882433356, 326.0505809979494)
(4, 0.15, 22.84135717560752, 1733.7977991746905)
(4, 0.2, 54.03429541595925, 7628.782682512733)
(4, 0.05, 7.694285714285714, 165.58)
(4, 0.1, 11.562199312714776, 357.2487972508591)
(4, 0.15, 24.562472209871054, 1910.6362827923522)
(4, 0.2, 51.563549160671464, 7041.962315861597)
(4, 0.05, 7.7294751009421265, 163.8263795423957)
(4, 0.1, 10.91158740790355, 315.3148024112525)
(4, 0.15, 15.894095595126522, 618.6982193064667)
(4, 0.2, 49.78486596538853, 6630.220563284696)
(4, 0.05, 7.0068587105624145, 129.50068587105625)
(4, 0.1, 11.165850244926522, 313.32400279916027)
(4, 0.15, 16.544356711565257, 672.1346957733396)
(4, 0.2, 51.563149078726966, 7206.7142378559465)
(4, 0.05, 7.640692640692641, 163.56277056277057)
(4, 0.1, 11.99376731301939, 375.5713296398892)
(4, 0.15, 25.062556663644607, 1908.1876699909337)
(4, 0.2, 52.347400405131665, 7628.267049291019)
(4, 0.05, 8.399719495091164, 212.492286115007)
(4, 0.1, 11.35309973045822, 309.1765498652291)
(4, 0.15, 22.7737881508079, 1371.8931777378816)
(4, 0.2, 48.516229281767956, 6724.788328729282)
(4, 0.05, 8.365333333333334, 182.94933333333333)
(4, 0.1, 11.803050397877984, 399.93567639257293)
(4, 0.15, 35.20127214902317, 4333.496592457974)
(4, 0.2, 48.65135769359705, 6479.681863895407)
(4, 0.05, 8.673228346456693, 205.61023622047244)
(4, 0.1, 9.57162440027416, 217.67991775188486)
(4, 0.15, 31.4552036199095, 3613.081447963801)
(4, 0.2, 47.45740365111562, 6142.656186612576)
(4, 0.05, 7.099075297225892, 131.09907529722588)
(4, 0.1, 11.527063599458728, 322.0845737483085)
(4, 0.15, 17.8765778401122, 827.5091164095371)
(4, 0.2, 48.48471467391305, 6283.295855978261)
(4, 0.05, 8.425240054869684, 204.45267489711935)
(4, 0.1, 11.23567335243553, 320.55659025787963)
(4, 0.15, 22.6177797833935, 1445.4219314079423)
(4, 0.2, 58.09358108108108, 8384.060472972973)
(4, 0.05, 8.402964959568733, 205.86118598382748)
(4, 0.1, 12.106870229007633, 363.6377515614157)
(4, 0.15, 22.66111611161116, 1452.6350135013502)
(4, 0.2, 42.023581681476415, 5183.43984962406)
(4, 0.05, 9.341917024320457, 239.74535050071532)
(4, 0.1, 9.80338266384778, 241.49330514446794)
(4, 0.15, 16.86591422121896, 647.2225733634311)
(4, 0.2, 46.003412969283275, 5662.8204778157)
(4, 0.05, 7.103585657370518, 136.08632138114208)
(4, 0.1, 11.309426229508198, 299.86543715846994)
(4, 0.15, 26.549699491447065, 2761.3698566805365)
(4, 0.2, 54.105583756345176, 7638.8676818950935)
(4, 0.05, 7.002666666666666, 143.87466666666666)
(4, 0.1, 11.35593220338983, 317.36135593220337)
(4, 0.15, 17.42830453059318, 792.873423633816)
(4, 0.2, 44.10458839406208, 6078.322537112011)
(4, 0.05, 7.36551724137931, 155.56689655172414)
(4, 0.1, 11.040082930200414, 324.21907394609536)
(4, 0.15, 15.797912713472487, 603.1214421252372)
(4, 0.2, 45.405698778833106, 6243.639755766621)
(4, 0.05, 7.396526772793053, 144.76266280752532)
(4, 0.1, 11.117567567567567, 296.8864864864865)
(4, 0.15, 15.70837343599615, 586.2078922040423)
(4, 0.2, 51.472361809045225, 6692.2871021775545)
(4, 0.05, 8.509246088193457, 208.76529160739688)
(4, 0.1, 11.08632596685083, 302.0946132596685)
(4, 0.15, 19.875871687587168, 1216.0906555090655)
(4, 0.2, 45.86498465734743, 5827.059665871122)
(4, 0.05, 8.501416430594901, 190.22096317280455)
(4, 0.1, 12.265498652291106, 353.9865229110512)
(4, 0.15, 15.259655653792462, 498.15681712424384)
(4, 0.2, 52.481769074949355, 7282.795746117488)
(4, 0.05, 8.836107554417413, 209.64788732394365)
(4, 0.1, 10.622832369942197, 280.2919075144509)
(4, 0.15, 27.17687074829932, 2508.035827664399)
(4, 0.2, 48.93733153638814, 7088.967654986523)
(4, 0.05, 8.29875, 175.98125)
(4, 0.1, 11.036831132731063, 301.4801945795692)
(4, 0.15, 15.496538994000923, 533.9755422242732)
(4, 0.2, 48.22233300099701, 6048.7042206713195)
(4, 0.05, 8.444887118193892, 200.97078353253653)
(4, 0.1, 11.063636363636364, 336.4020979020979)
(4, 0.15, 27.950805008944545, 2562.8899821109126)
(4, 0.2, 49.168971332209104, 6661.871163575042)
(4, 0.05, 7.7343957503320055, 164.27091633466136)
(4, 0.1, 11.416149068322982, 303.4975845410628)
(4, 0.15, 24.06830601092896, 2292.1193078324227)
(4, 0.2, 55.13372859025033, 9240.869565217392)
(4, 0.05, 8.833109017496636, 204.3728129205922)
(4, 0.1, 10.382152588555858, 272.2431880108992)
(4, 0.15, 17.27550561797753, 750.2211235955057)
(4, 0.2, 52.703135650988415, 8394.166666666666)
(4, 0.05, 6.978349120433018, 122.41813261163735)
(4, 0.1, 10.223977027997128, 293.632447954056)
(4, 0.15, 35.45446182152714, 5324.5547378104875)
(4, 0.2, 47.353421859039834, 6309.887980932925)
(4, 0.05, 8.027737226277372, 191.52846715328468)
(4, 0.1, 11.555867884750526, 336.3092059030218)
(4, 0.15, 18.131741821396993, 733.499557913351)
(4, 0.2, 47.66228070175438, 6070.105600539811)
(4, 0.05, 7.153392330383481, 137.49852507374632)
(4, 0.1, 12.583106267029972, 375.5653950953678)
(4, 0.15, 24.051781472684084, 2008.3026128266033)
(4, 0.2, 50.876430976430974, 6382.756565656566)
(4, 0.05, 7.300699300699301, 144.06713286713287)
(4, 0.1, 10.878097789685198, 292.430676490288)
(4, 0.15, 17.21130551816958, 702.0699865410498)
(4, 0.2, 44.42272573554278, 5417.579979709165)
(4, 0.05, 7.577464788732394, 154.75774647887323)
(4, 0.1, 9.999329309188465, 235.1193829644534)
(4, 0.15, 31.296889295516927, 3833.724153705398)
(4, 0.2, 50.066074950690336, 7210.818869165023)
(4, 0.05, 8.603542234332425, 208.9141689373297)
(4, 0.1, 10.391695501730103, 292.0)
(4, 0.15, 18.298085688240658, 824.3928896991796)
(4, 0.2, 47.59760159893404, 7321.425716189207)
(4, 0.05, 8.141414141414142, 189.97979797979798)
(4, 0.1, 9.991643454038996, 234.26044568245126)
(4, 0.15, 16.12713823393435, 618.0688858067499)
(4, 0.2, 57.88948969246367, 8307.665765461305)
(4, 0.05, 9.020352781546812, 214.1709633649932)
(4, 0.1, 10.551654287643483, 285.5091154625253)
(4, 0.15, 28.601551802829757, 3299.0670926517573)
(4, 0.2, 54.701682114658425, 9285.855132166153)
(4, 0.05, 7.5896739130434785, 136.39402173913044)
(4, 0.1, 10.212099125364432, 267.58673469387753)
(4, 0.15, 18.757481018311747, 836.3608753907995)
(4, 0.2, 53.781197724991635, 7697.354968216795)
(4, 0.05, 7.582537517053206, 160.08458390177353)
(4, 0.1, 10.334733893557424, 255.01960784313727)
(4, 0.15, 16.28961504028648, 577.8258728737691)
(4, 0.2, 52.77858376511226, 7364.86701208981)
(4, 0.05, 7.619456366237482, 172.4549356223176)
(4, 0.1, 10.707142857142857, 282.74)
(4, 0.15, 30.717498875393613, 3134.5933423301844)
(4, 0.2, 55.38510781671159, 9419.19642857143)
(4, 0.05, 7.665701881331404, 170.18379160636758)
(4, 0.1, 10.714691270404542, 282.77856635911996)
(4, 0.15, 17.130828429153464, 756.0244454504301)
(4, 0.2, 54.63249835201055, 7960.926499670402)
(4, 0.05, 8.578328981723237, 229.58616187989557)
(4, 0.1, 11.876450511945393, 357.0054607508532)
(4, 0.15, 27.882614495331257, 3579.1676300578033)
(4, 0.2, 51.969246367015884, 6664.055086177763)
(4, 0.05, 7.995962314939435, 196.5720053835801)
(4, 0.1, 11.120056497175142, 319.07062146892656)
(4, 0.15, 19.46786870087841, 1053.746185852982)
(4, 0.2, 50.649578414839795, 8601.208094435076)
(4, 0.05, 8.098039215686274, 210.48179271708685)
(4, 0.1, 10.914893617021276, 299.88510638297873)
(4, 0.15, 21.072558139534884, 1379.2297674418605)
(4, 0.2, 46.734504474643686, 6370.36592641697)
(4, 0.05, 8.791946308724832, 199.5060402684564)
(4, 0.1, 10.03491620111732, 279.92597765363126)
(4, 0.15, 22.161527841693513, 1909.0386562356189)
(4, 0.2, 51.856095936042635, 6589.114590273151)
(4, 0.05, 7.563233376792699, 147.993481095176)
(4, 0.1, 11.773801485482782, 329.64550979068196)
(4, 0.15, 19.582089552238806, 1008.2134780642243)
(4, 0.2, 45.83546864463924, 6241.551584625759)
(4, 0.05, 8.271739130434783, 201.10326086956522)
(4, 0.1, 10.446175637393768, 264.2747875354108)
(4, 0.15, 35.81883731410545, 4676.345200540784)
(4, 0.2, 48.63974315647178, 6235.561676241974)
(4, 0.05, 7.287292817679558, 149.13259668508286)
(4, 0.1, 10.22431161853593, 248.59368703828073)
(4, 0.15, 33.199907235621524, 4268.156307977736)
(4, 0.2, 44.4516339869281, 6263.981699346406)
(4, 0.05, 7.408108108108108, 145.5918918918919)
(4, 0.1, 11.12100611828688, 329.9231815091774)
(4, 0.15, 14.678718535469107, 499.3926773455378)
(4, 0.2, 55.404016337644656, 7990.581688223281)
(4, 0.05, 8.349381017881706, 187.30398899587345)
(4, 0.1, 11.031550068587105, 317.7297668038409)
(4, 0.15, 32.57384545038866, 4393.724279835391)
(4, 0.2, 47.19207108680793, 6881.339712918661)
(4, 0.05, 9.562064156206416, 226.9818688981869)
(4, 0.1, 10.727272727272727, 280.24011103400414)
(4, 0.15, 19.720216606498195, 993.5812274368232)
(4, 0.2, 54.3623670212766, 7503.704122340426)
(4, 0.05, 8.973865199449794, 210.2888583218707)
(4, 0.1, 10.82112676056338, 286.4605633802817)
(4, 0.15, 19.030009233610343, 947.5378578024007)
(4, 0.2, 43.120626457847386, 5865.624458513828)
(4, 0.05, 7.594315245478036, 165.27906976744185)
(4, 0.1, 11.521367521367521, 324.66381766381767)
(4, 0.15, 23.169396350023398, 1880.9728591483388)
(4, 0.2, 49.836583725622056, 6094.014122394082)
(4, 0.05, 7.751686909581647, 167.42780026990553)
(4, 0.1, 11.3466107617051, 342.5443745632425)
(4, 0.15, 20.52301444043321, 1365.9995487364622)
(4, 0.2, 57.698335644937586, 8798.620665742024)
(4, 0.05, 8.463414634146341, 203.89159891598916)
(4, 0.1, 11.79535864978903, 328.71237693389594)
(4, 0.15, 16.098120128381478, 571.0765703805594)
(4, 0.2, 45.55517122103078, 5538.145970252508)
(4, 0.05, 7.211563731931669, 145.41130091984232)
(4, 0.1, 12.881635581061692, 490.0552367288379)
(4, 0.15, 23.248979591836736, 1701.0303854875283)
(4, 0.2, 44.215369393139845, 6119.483179419525)
(4, 0.05, 8.064971751412429, 178.4180790960452)
(4, 0.1, 10.822251481237656, 274.5312705727452)
(4, 0.15, 15.646217712177123, 624.3159594095941)
(4, 0.2, 49.377792823290456, 6702.150981719702)
(4, 0.05, 7.704149933065596, 174.3520749665328)
(4, 0.1, 10.251263537906137, 256.3321299638989)
(4, 0.15, 31.660351201478743, 3335.141866913124)
(4, 0.2, 47.7952182952183, 7142.942827442827)
(4, 0.05, 8.040376850605652, 187.86541049798114)
(4, 0.1, 13.937106918238994, 609.298392732355)
(4, 0.15, 24.658536585365855, 2181.17579383341)
(4, 0.2, 49.53802153432032, 7018.775572005384)
(4, 0.05, 8.125184094256259, 178.70250368188513)
(4, 0.1, 10.921089385474861, 289.838687150838)
(4, 0.15, 18.513588208198986, 845.9313680331644)
(4, 0.2, 52.249391304347824, 9101.679652173912)
(4, 0.05, 8.200561009817672, 183.59186535764377)
(4, 0.1, 10.834246575342465, 291.3342465753425)
(4, 0.15, 18.82851902796882, 886.8220999541495)
(4, 0.2, 46.06428098078197, 6294.681245858184)
(4, 0.05, 8.745403111739746, 225.93917963224894)
(4, 0.1, 10.124475524475525, 235.05174825174825)
(4, 0.15, 18.04147250698975, 972.1943150046599)
(4, 0.2, 43.93172268907563, 5151.355392156863)
(4, 0.05, 7.776595744680851, 176.15425531914894)
(4, 0.1, 10.847750865051903, 298.06020761245674)
(4, 0.15, 28.749769159741458, 2643.628808864266)
(4, 0.2, 50.69382964453387, 7005.040576794098)
(4, 0.05, 8.46215139442231, 205.3625498007968)
(4, 0.1, 11.434931506849315, 324.4787671232877)
(4, 0.15, 33.901705565529625, 3784.5605924596052)
(4, 0.2, 52.189529489728294, 7667.282968853546)
(4, 0.05, 7.639777468706537, 176.7357440890125)
(4, 0.1, 11.104659498207885, 282.4293906810036)
(4, 0.15, 26.451672010994045, 3141.282638570774)
(4, 0.2, 48.53103448275862, 7373.628275862069)
(4, 0.05, 7.7855153203342615, 151.18662952646238)
(4, 0.1, 11.558350803633823, 327.1362683438155)
(4, 0.15, 19.97137494134209, 1150.728765837635)
(4, 0.2, 47.203219315895375, 6659.699530516432)
(4, 0.05, 8.016666666666667, 174.89102564102564)
(4, 0.1, 10.887207702888583, 288.7372764786795)
(4, 0.15, 22.155196304849884, 1594.5330254041571)
(4, 0.2, 49.45042301184433, 7067.742808798646)
(4, 0.05, 8.433155080213904, 208.4625668449198)
(4, 0.1, 12.395959595959596, 382.6545454545454)
(4, 0.15, 22.492917847025495, 1551.4022662889518)
(4, 0.2, 46.99537190082645, 6481.7847933884295)
(4, 0.05, 8.186648501362399, 210.9959128065395)
(4, 0.1, 10.379823967501693, 267.50101557210564)
(4, 0.15, 20.538940809968846, 1062.3155318202048)
(4, 0.2, 47.077987846049965, 6168.003038487508)
(4, 0.05, 8.536842105263158, 189.0872180451128)
(4, 0.1, 10.742686170212766, 275.8317819148936)
(4, 0.15, 17.157441016333937, 676.6746823956443)
(4, 0.2, 47.299461641991925, 7366.334454912517)
(4, 0.05, 8.024623803009575, 170.66757865937072)
(4, 0.1, 11.280216070222822, 320.255232950709)
(4, 0.15, 19.364434180138566, 914.2272517321016)
(4, 0.2, 51.69095221958658, 8023.913249745849)
(4, 0.05, 7.27027027027027, 143.65675675675675)
(4, 0.1, 11.455902306648575, 356.89823609226596)
(4, 0.15, 33.52554744525548, 4332.549270072993)
(4, 0.2, 51.779627163781626, 9335.280958721705)
(4, 0.05, 7.080163043478261, 138.37092391304347)
(4, 0.1, 10.262212643678161, 267.5625)
(4, 0.15, 18.877494199535963, 937.168909512761)
(4, 0.2, 50.18831822759315, 6946.216515609265)
(4, 0.05, 7.065073041168659, 146.55245683930943)
(4, 0.1, 10.343303874915025, 258.06730115567643)
(4, 0.15, 24.29035166816952, 1977.2614968440037)
(4, 0.2, 52.05135045015005, 7262.722907635879)
(4, 0.05, 9.173497267759563, 202.55054644808743)
(4, 0.1, 11.178940123881624, 311.9029593943565)
(4, 0.15, 17.314128943758572, 751.9634202103338)
(4, 0.2, 50.7751756440281, 7886.73369019739)
(4, 0.05, 8.414492753623188, 198.46666666666667)
(4, 0.1, 10.448252227553118, 277.3283070596299)
(4, 0.15, 26.950390445567294, 2934.5130914101974)
(4, 0.2, 43.895783339046964, 4922.154268083647)
(4, 0.05, 7.0370860927152314, 138.67152317880794)
(4, 0.1, 10.211228070175439, 256.4694736842105)
(4, 0.15, 17.865699578848854, 734.2278895648104)
(4, 0.2, 46.39116607773852, 6875.006713780918)
(4, 0.05, 7.407766990291262, 171.94036061026353)
(4, 0.1, 12.587268993839835, 378.48049281314167)
(4, 0.15, 34.951627486437616, 4190.7952079566)
(4, 0.2, 47.40136752136752, 6203.862222222222)
(4, 0.05, 8.44047619047619, 187.49603174603175)
(4, 0.1, 12.09368635437882, 366.44263408010863)
(4, 0.15, 19.81586679725759, 1159.826640548482)
(4, 0.2, 52.03219178082192, 7858.224657534247)
(4, 0.05, 7.1409214092140925, 148.7750677506775)
(4, 0.1, 11.08956228956229, 309.74949494949493)
(4, 0.15, 16.33893557422969, 619.09243697479)
(4, 0.2, 48.5411315515446, 7683.733772995488)
(4, 0.05, 7.640167364016737, 165.15481171548117)
(4, 0.1, 11.44060773480663, 356.7085635359116)
(4, 0.15, 16.81607629427793, 669.0177111716621)
(4, 0.2, 45.64319407008086, 7375.974730458221)
(4, 0.05, 7.288617886178862, 140.1910569105691)
(4, 0.1, 11.115032679738562, 338.09019607843135)
(4, 0.15, 17.117429496070272, 822.4822006472492)
(4, 0.2, 50.44710242587601, 7419.944407008086)
(4, 0.05, 8.654822335025381, 216.86548223350255)
(4, 0.1, 11.270013568521032, 303.9742198100407)
(4, 0.15, 32.53966831017481, 3730.039444195428)
(4, 0.2, 53.317481141357824, 8008.16628402755)
(4, 0.05, 7.8902777777777775, 156.08194444444445)
(4, 0.1, 12.725881570192948, 356.94544244843644)
(4, 0.15, 24.527803099361897, 2044.4412032816772)
(4, 0.2, 50.378369157284205, 7075.747185261003)
(4, 0.05, 7.380821917808219, 137.86575342465753)
(4, 0.1, 10.64549895324494, 285.3237962316818)
(4, 0.15, 20.044235924932977, 1032.966487935657)
(4, 0.2, 47.07289135716765, 6508.598750433877)
(4, 0.05, 7.94, 189.79066666666668)
(4, 0.1, 10.158036314727639, 261.19233355749833)
(4, 0.15, 16.109986194201564, 649.8835710998619)
(4, 0.2, 53.45858791581806, 7086.2264086897485)
(4, 0.05, 8.6984785615491, 235.14107883817428)
(4, 0.1, 10.193458594293668, 260.517745302714)
(4, 0.15, 26.369691551184623, 2318.873938310237)
(4, 0.2, 47.69332429684852, 6355.248051507963)
(4, 0.05, 8.149076517150396, 180.4551451187335)
(4, 0.1, 11.676371022342586, 361.0981719702099)
(4, 0.15, 23.319419237749546, 1581.0780399274047)
(4, 0.2, 44.653278407140405, 5730.600411946447)
(4, 0.05, 7.287417218543046, 154.7496688741722)
(4, 0.1, 9.92958748221906, 240.24822190611664)
(4, 0.15, 20.212912087912088, 1136.5334249084249)
(4, 0.2, 49.66632583503749, 7433.77675528289)
(4, 0.05, 7.881856540084388, 188.1012658227848)
(4, 0.1, 11.087851750171586, 285.8222374742622)
(4, 0.15, 15.941662838768949, 596.2485071198897)
(4, 0.2, 55.31523178807947, 9310.077483443709)
(4, 0.05, 8.511494252873563, 224.61206896551724)
(4, 0.1, 10.929788684389912, 313.12883435582825)
(4, 0.15, 19.042448614834672, 929.6090259159964)
(4, 0.2, 39.161439418950145, 4494.785077583361)
(4, 0.05, 8.31857142857143, 182.99)
(4, 0.1, 10.33810888252149, 262.36962750716333)
(4, 0.15, 37.869223659889094, 4740.877541589649)
(4, 0.2, 50.676381909547736, 6572.078056951424)
(4, 0.05, 7.542302357836339, 160.29680998613037)
(4, 0.1, 11.242445054945055, 294.41277472527474)
(4, 0.15, 17.567150635208712, 766.937386569873)
(4, 0.2, 55.23424932975871, 8060.007707774799)
(4, 0.05, 8.408391608391609, 178.52587412587414)
(4, 0.1, 11.605886575735822, 321.4235463029433)
(4, 0.15, 17.172701949860723, 670.8421541318477)
(4, 0.2, 49.29432013769363, 8044.528743545611)
(4, 0.05, 7.947214076246334, 176.17888563049854)
(4, 0.1, 12.020604395604396, 380.21153846153845)
(4, 0.15, 22.705419175544233, 1635.2204724409448)
(4, 0.2, 52.8159169550173, 7978.692041522491)
(4, 0.05, 8.020804438280166, 182.2260748959778)
(4, 0.1, 10.833333333333334, 297.68260869565216)
(4, 0.15, 19.14692378328742, 1000.2543617998164)
(4, 0.2, 46.43444293478261, 5791.578464673913)
(4, 0.05, 7.503364737550471, 159.00807537012113)
(4, 0.1, 11.123232323232322, 309.2632996632997)
(4, 0.15, 18.114465975664714, 801.1311401532222)
(4, 0.2, 50.583558863328825, 6671.903585926928)
(4, 0.05, 8.155792276964048, 197.68708388814915)
(4, 0.1, 12.216826265389876, 413.36456908344735)
(4, 0.15, 32.223021582733814, 3445.388489208633)
(4, 0.2, 55.01915839890523, 7588.172083475881)
(4, 0.05, 7.730717185385656, 164.8105548037889)
(4, 0.1, 11.326383896477354, 300.7972681524083)
(4, 0.15, 21.56938866577421, 1189.8353413654618)
(4, 0.2, 45.88161375661376, 6672.153439153439)
(4, 0.05, 9.93492695883134, 265.5471447543161)
(4, 0.1, 10.729138166894664, 293.6415868673051)
(4, 0.15, 17.028306490971204, 840.6720351390923)
(4, 0.2, 50.743589743589745, 6976.31928345627)
(4, 0.05, 7.61711079943899, 161.22440392706872)
(4, 0.1, 12.271487039563437, 388.9754433833561)
(4, 0.15, 16.65085817524842, 609.2461607949413)
(4, 0.2, 51.81184554973822, 7204.316426701571)
(4, 0.05, 8.343283582089553, 176.03392130257802)
(4, 0.1, 10.800139762403914, 299.99930118798045)
(4, 0.15, 20.78589965397924, 1070.6198096885814)
(4, 0.2, 52.688190030110405, 7349.088323854132)
(4, 0.05, 8.119241192411923, 178.41734417344173)
(4, 0.1, 10.420541290770299, 268.2109646079112)
(4, 0.15, 21.915199258572752, 1653.3507877664504)
(4, 0.2, 43.7194194885971, 5888.3033863165165)
(4, 0.05, 7.793103448275862, 182.6455172413793)
(4, 0.1, 11.557666214382632, 354.2401628222524)
(4, 0.15, 22.926325247079966, 1628.5399820305481)
(4, 0.2, 48.5284269271015, 6474.855598186257)
(4, 0.05, 8.40379403794038, 200.7642276422764)
(4, 0.1, 11.223497636731938, 323.3261309925726)
(4, 0.15, 17.702537593984964, 803.6461466165414)
(4, 0.2, 42.96729602157788, 5771.715104517869)
(4, 0.05, 8.709251101321586, 206.70044052863437)
(4, 0.1, 11.03093476798924, 308.86819098856756)
(4, 0.15, 35.07561436672968, 4042.6238185255197)
(4, 0.2, 44.559918060771594, 6574.714236940936)
(4, 0.05, 8.30631868131868, 195.42445054945054)
(4, 0.1, 10.143364088005677, 241.8694109297374)
(4, 0.15, 24.569926873857405, 2379.683272394881)
(4, 0.2, 47.183051969546504, 6358.397219463754)
(4, 0.05, 7.660402684563758, 162.68053691275168)
(4, 0.1, 11.345318860244234, 317.93554952510175)
(4, 0.15, 31.97889908256881, 3183.451376146789)
(4, 0.2, 47.58743169398907, 6087.340846994535)
(4, 0.05, 8.813245033112583, 230.10066225165562)
(4, 0.1, 11.07177363699103, 293.1145617667357)
(4, 0.15, 27.167992926613618, 3070.3651635720603)
(4, 0.2, 52.194291609353506, 6875.540233837689)
(4, 0.05, 9.048543689320388, 214.23023578363384)
(4, 0.1, 10.950447350309704, 287.87130075705437)
(4, 0.15, 18.84718996748723, 1000.3910822108686)
(4, 0.2, 51.001390337156764, 7524.58359402155)
(4, 0.05, 7.686827956989247, 167.68951612903226)
(4, 0.1, 11.546747967479675, 312.8882113821138)
(4, 0.15, 27.568942436412318, 2634.066934404284)
(4, 0.2, 57.851392150285136, 10172.553170077155)
(4, 0.05, 8.329349269588313, 205.21381142098272)
(4, 0.1, 10.662540716612378, 280.614332247557)
(4, 0.15, 23.560798548094375, 1842.813067150635)
(4, 0.2, 46.47232472324723, 6427.468634686347)
(4, 0.05, 6.695290858725762, 121.95290858725762)
(4, 0.1, 10.857043235704323, 296.8291492329149)
(4, 0.15, 22.227498869289914, 1662.9122568973314)
(4, 0.2, 43.69648344144759, 5432.031751451007)
(4, 0.05, 7.718997361477572, 163.59762532981532)
(4, 0.1, 14.474708171206226, 585.7263294422828)
(4, 0.15, 14.973251994368841, 495.4443923040826)
(4, 0.2, 47.693139574180464, 5896.600878675228)
(4, 0.05, 8.280263157894737, 190.29342105263157)
(4, 0.1, 11.058657243816254, 302.99505300353354)
(4, 0.15, 15.647670737222976, 546.062867480778)
(4, 0.2, 47.03874345549738, 6601.379406631762)
(4, 0.05, 7.588811188811189, 177.05734265734264)
(4, 0.1, 11.97883597883598, 352.4695767195767)
(4, 0.15, 15.81324200913242, 574.2698630136987)
(4, 0.2, 46.725144214455376, 5625.172378690193)
(4, 0.05, 6.792582417582418, 131.25137362637363)
(4, 0.1, 10.264623955431755, 254.03899721448468)
(4, 0.15, 15.211412535079514, 512.5930776426567)
(4, 0.2, 47.59101420548398, 6591.714568880079)
(4, 0.05, 8.426686217008797, 193.00146627565982)
(4, 0.1, 9.443173695496784, 225.38598999285205)
(4, 0.15, 37.20827648931333, 5883.683947248749)
(4, 0.2, 52.99966577540107, 8129.707553475936)
(4, 0.05, 8.325068870523417, 193.94765840220387)
(4, 0.1, 12.328822733423545, 363.1840324763194)
(4, 0.15, 30.155844155844157, 3220.9016697588127)
(4, 0.2, 50.27748344370861, 7764.711258278146)
(4, 0.05, 7.920977011494253, 179.191091954023)
(4, 0.1, 12.991886409736308, 456.68762677484784)
(4, 0.15, 30.96887505558026, 2902.6220542463316)
(4, 0.2, 50.135616438356166, 6273.566438356164)
(4, 0.05, 9.12742382271468, 231.22160664819944)
(4, 0.1, 11.305348679756262, 317.8320920785376)
(4, 0.15, 24.494418604651162, 1845.8320930232558)
(4, 0.2, 51.045054200542005, 7829.839769647697)
(4, 0.05, 8.216916780354707, 195.46657571623464)
(4, 0.1, 11.743537414965987, 320.6673469387755)
(4, 0.15, 17.967712596634833, 807.2228285584357)
(4, 0.2, 48.057291666666664, 7607.307291666667)
(4, 0.05, 8.097281831187411, 185.656652360515)
(4, 0.1, 9.984251968503937, 247.226914817466)
(4, 0.15, 26.56104129263914, 2156.0098743267504)
(4, 0.2, 45.37322233784253, 5637.370447450572)
(4, 0.05, 8.110960757780784, 186.57645466847092)
(4, 0.1, 10.550426136363637, 269.53053977272725)
(4, 0.15, 32.6677449168207, 3782.4154343807763)
(4, 0.2, 47.63389480921279, 7029.336198006187)
(4, 0.05, 8.199228791773779, 198.15552699228792)
(4, 0.1, 10.618097139055223, 281.6613439787092)
(4, 0.15, 30.52090909090909, 4120.101818181818)
(4, 0.2, 52.70207080828323, 7696.130260521042)
(4, 0.05, 8.730290456431534, 211.0179806362379)
(4, 0.1, 11.063786008230453, 293.9636488340192)
(4, 0.15, 26.88614970865083, 3741.6176602420437)
(4, 0.2, 58.36476928258673, 9250.463792522734)
(4, 0.05, 8.533333333333333, 211.8836879432624)
(4, 0.1, 11.050607287449393, 354.00067476383265)
(4, 0.15, 21.975941897412618, 1388.9963685882888)
(4, 0.2, 49.311260504201684, 6964.766050420168)
(4, 0.05, 9.726507713884994, 289.46844319775596)
(4, 0.1, 11.760245901639344, 351.28210382513663)
(4, 0.15, 22.198998178506375, 1259.110655737705)
(4, 0.2, 46.69416979202182, 6939.804295942721)
(4, 0.05, 7.339547270306259, 148.05059920106524)
(4, 0.1, 12.309333333333333, 363.9266666666667)
(4, 0.15, 17.17962710322874, 747.556161891769)
(4, 0.2, 50.32593098735907, 7615.121284591733)
(4, 0.05, 8.553191489361701, 203.50797872340425)
(4, 0.1, 10.77961432506887, 289.63085399449034)
(4, 0.15, 20.190022675736962, 1139.507029478458)
(4, 0.2, 46.51198110023625, 5938.597030037125)
(4, 0.05, 8.765988372093023, 220.57412790697674)
(4, 0.1, 12.763374485596708, 471.6440329218107)
(4, 0.15, 18.34118190212373, 788.6495844875346)
(4, 0.2, 49.23986254295533, 6832.824054982818)
(4, 0.05, 7.910468319559229, 175.22727272727272)
(4, 0.1, 10.692682926829269, 267.70871080139375)
(4, 0.15, 24.386814200092207, 2250.7381281696635)
(4, 0.2, 58.192814765985496, 9343.577785102176)
(4, 0.05, 8.290858725761773, 205.5595567867036)
(4, 0.1, 11.602105263157895, 328.87929824561405)
(4, 0.15, 20.840420449116102, 1214.687529861443)
(4, 0.2, 44.24982770503102, 6176.376636802205)
(4, 0.05, 7.5069060773480665, 155.00414364640883)
(4, 0.1, 11.343683839096682, 336.8002822865208)
(4, 0.15, 15.784350256171402, 570.9729855612483)
(4, 0.2, 51.612487275195114, 7038.097047845266)
(4, 0.05, 7.00697350069735, 128.65271966527197)
(4, 0.1, 11.501396648044693, 395.8310055865922)
(4, 0.15, 42.65953654188948, 5740.258467023173)
(4, 0.2, 49.04177897574124, 7032.011455525607)
(4, 0.05, 8.042313117066291, 161.97461212976023)
(4, 0.1, 10.597904387688278, 300.12246234446627)
(4, 0.15, 37.57932910244787, 4992.3019038984585)
(4, 0.2, 52.31765098431765, 7466.43977310644)
(4, 0.05, 8.564315352697095, 228.5311203319502)
(4, 0.1, 10.338472834067547, 279.27092511013217)
(4, 0.15, 38.46645655110311, 5675.493021161639)
(4, 0.2, 45.96312437143815, 6756.504860878311)
(4, 0.05, 7.914893617021277, 162.60992907801418)
(4, 0.1, 10.703973509933775, 278.9225165562914)
(4, 0.15, 36.63968179691156, 4811.427702386523)
(4, 0.2, 47.71910499139415, 6555.456798623064)
(4, 0.05, 9.793152639087019, 254.54636233951499)
(4, 0.1, 11.10631001371742, 286.2091906721536)
(4, 0.15, 18.762057877813504, 825.1910886541111)
(4, 0.2, 48.18801652892562, 7160.887741046832)
(4, 0.05, 8.139769452449567, 164.9149855907781)
(4, 0.1, 10.0561872909699, 251.09698996655518)
(4, 0.15, 36.902894491129786, 4698.427637721756)
(4, 0.2, 54.00204498977505, 8625.083844580777)
(4, 0.05, 7.85734664764622, 193.18687589158344)
(4, 0.1, 11.453593859036985, 309.3307745987439)
(4, 0.15, 15.818474264705882, 533.6438419117648)
(4, 0.2, 45.50582191780822, 6202.690068493151)
(4, 0.05, 8.085991678224689, 188.80998613037448)
(4, 0.1, 11.333790267306375, 315.59424263193966)
(4, 0.15, 20.01178069777979, 945.7544177616675)
(4, 0.2, 49.72739820565908, 6632.487232574189)
(4, 0.05, 9.088311688311688, 231.52207792207793)
(4, 0.1, 10.589223233030092, 262.93072078376485)
(4, 0.15, 32.4120151371807, 5370.273888363292)
(4, 0.2, 53.415737926376224, 8065.785207700102)
(4, 0.05, 7.68, 179.8151724137931)
(4, 0.1, 11.278118609406953, 319.1854124062713)
(4, 0.15, 18.976692066337964, 846.6243836844465)
(4, 0.2, 57.448619886930494, 8758.22347855005)
(4, 0.05, 7.842953020134228, 168.5194630872483)
(4, 0.1, 10.77793199167245, 296.35600277585013)
(4, 0.15, 20.076570380559378, 1147.4245758826225)
(4, 0.2, 48.04413274033527, 6848.052343482723)
(4, 0.05, 8.605905006418485, 188.0385109114249)
(4, 0.1, 11.214819850441875, 304.8599592114208)
(4, 0.15, 16.775150672229948, 665.9814557255447)
(4, 0.2, 48.107537688442214, 7732.083417085427)
(4, 0.05, 8.77247191011236, 228.61516853932585)
(4, 0.1, 10.43859649122807, 284.24070175438595)
(4, 0.15, 16.6981220657277, 631.0286384976525)
(4, 0.2, 48.72239108409321, 7091.899696048632)
(4, 0.05, 7.649456521739131, 141.19565217391303)
(4, 0.1, 11.28149190710767, 385.3349753694581)
(4, 0.15, 38.94319206492335, 5397.606853020739)
(4, 0.2, 52.109380178985745, 7433.282068279748)
(4, 0.05, 8.84691011235955, 217.85814606741573)
(4, 0.1, 10.071022727272727, 243.28977272727272)
(4, 0.15, 27.105139085337104, 3094.890146157473)
(4, 0.2, 46.20787671232877, 6151.0421232876715)
(4, 0.05, 7.397590361445783, 162.2008032128514)
(4, 0.1, 9.885257301808068, 233.11474269819195)
(4, 0.15, 19.049151027703306, 950.4977658623772)
(4, 0.2, 40.96415410385259, 5654.869011725293)
(4, 0.05, 8.793103448275861, 210.76127320954907)
(4, 0.1, 11.226032190342897, 298.8607417774668)
(4, 0.15, 15.410580524344569, 574.7092696629213)
(4, 0.2, 47.99320882852292, 6560.139898132428)
(4, 0.05, 7.9890710382513666, 188.89071038251367)
(4, 0.1, 11.122052704576976, 307.370319001387)
(4, 0.15, 21.95580357142857, 1584.2879464285713)
(4, 0.2, 52.73192771084337, 7132.441432396252)
(4, 0.05, 8.294197031039136, 207.06072874493927)
(4, 0.1, 10.607167955024597, 279.05692199578357)
(4, 0.15, 16.304632662611137, 626.3813757604117)
(4, 0.2, 50.23234072022161, 6313.9117036011085)
(4, 0.05, 8.093979441997064, 168.27606461086637)
(4, 0.1, 10.215580926796507, 247.64472800537274)
(4, 0.15, 26.34525939177102, 1931.0125223613595)
(4, 0.2, 47.84276094276094, 6119.462962962963)
(4, 0.05, 8.34620886981402, 196.19456366237483)
(4, 0.1, 11.157822191592006, 311.4844934527912)
(4, 0.15, 28.36885622416169, 3543.75149288011)
(4, 0.2, 58.60817717206133, 8941.080408858603)
(4, 0.05, 9.141242937853107, 223.42372881355934)
(4, 0.1, 12.511827956989247, 379.7089605734767)
(4, 0.15, 15.781868384721584, 568.7556373676945)
(4, 0.2, 47.29780775716695, 7991.585834738617)
(4, 0.05, 7.459016393442623, 150.5327868852459)
(4, 0.1, 10.97872340425532, 294.1729581331503)
(4, 0.15, 23.976651982378854, 1877.5704845814978)
(4, 0.2, 49.92289562289562, 8258.80303030303)
(4, 0.05, 8.454068241469816, 190.64566929133858)
(4, 0.1, 9.706491712707182, 232.53660220994476)
(4, 0.15, 20.610507246376812, 1307.883152173913)
(4, 0.2, 52.04105960264901, 8322.920529801324)
(4, 0.05, 6.783641160949868, 140.08970976253298)
(4, 0.1, 12.00960219478738, 353.39643347050753)
(4, 0.15, 17.758185219831617, 808.1033676333021)
(4, 0.2, 47.264925373134325, 6086.883649932158)
(4, 0.05, 7.937669376693767, 178.04336043360433)
(4, 0.1, 11.493379790940766, 320.1554006968641)
(4, 0.15, 20.970785440613028, 1350.227490421456)
(4, 0.2, 48.578401872283514, 5561.3279839518555)
(4, 0.05, 7.3236574746008705, 141.82873730043542)
(4, 0.1, 11.300429184549357, 325.4420600858369)
(4, 0.15, 16.677919708029197, 618.1414233576643)
(4, 0.2, 46.40328654570352, 6216.964738103389)
(4, 0.05, 7.255347593582887, 141.9879679144385)
(4, 0.1, 12.020013802622499, 363.66114561766733)
(4, 0.15, 32.55116381203338, 3956.9613526570047)
(4, 0.2, 56.83092105263158, 9158.330263157895)
(4, 0.05, 7.797043010752688, 161.5040322580645)
(4, 0.1, 11.55728813559322, 328.5227118644068)
(4, 0.15, 15.882899628252789, 534.1328996282527)
(4, 0.2, 52.574917491749176, 6889.755115511552)
(4, 0.05, 9.131101813110181, 258.3444909344491)
(4, 0.1, 11.571334214002642, 333.4445178335535)
(4, 0.15, 17.614252873563217, 692.9806896551725)
(4, 0.2, 48.88518391199725, 6239.501890684084)
(4, 0.05, 7.618915159944367, 154.13630041724616)
(4, 0.1, 12.304918032786885, 349.4222950819672)
(4, 0.15, 16.74174581637268, 673.9448213478064)
(4, 0.2, 50.79681139755767, 7039.6244911804615)
(4, 0.05, 9.05570652173913, 245.3491847826087)
(4, 0.1, 9.897784131522515, 268.59685489635456)
(4, 0.15, 16.193637621023512, 628.4306131857999)
(4, 0.2, 48.59832495812395, 6971.908877721943)
(4, 0.05, 6.877914951989026, 123.47599451303155)
(4, 0.1, 10.696503496503496, 292.5510489510489)
(4, 0.15, 14.157009345794393, 442.6065420560748)
(4, 0.2, 50.52550850283428, 6521.806602200733)
(4, 0.05, 7.842835130970724, 188.36055469953774)
(4, 0.1, 11.824352694191742, 358.82505248425474)
(4, 0.15, 21.12250453720508, 1245.4274047186932)
(4, 0.2, 48.420570264765786, 6792.7735913102515)
(4, 0.05, 8.305109489051095, 199.1021897810219)
(4, 0.1, 11.432203389830509, 325.4237288135593)
(4, 0.15, 19.83778801843318, 999.7032258064517)
(4, 0.2, 55.85161069225497, 9165.46847155586)
(4, 0.05, 7.001345895020188, 140.36877523553161)
(4, 0.1, 10.988621151271754, 304.05823293172693)
(4, 0.15, 17.98828301036503, 691.201442091032)
(4, 0.2, 52.81136516476126, 7182.781775386685)
(4, 0.05, 7.744740532959327, 163.86535764375876)
(4, 0.1, 11.075552387740556, 317.9465431218817)
(4, 0.15, 21.72102611085662, 1326.2130096197893)
(4, 0.2, 48.04896042924212, 6124.928236083166)
(4, 0.05, 8.581173260572987, 229.12414733969987)
(4, 0.1, 14.030518097941803, 674.8793470546486)
(4, 0.15, 20.109388839681134, 1042.4371124889283)
(4, 0.2, 48.31368563685637, 6602.981707317073)
(4, 0.05, 8.681198910081743, 200.5967302452316)
(4, 0.1, 11.152070604209097, 308.2966734555329)
(4, 0.15, 34.654032613486116, 4460.211546936976)
(4, 0.2, 45.599267155229846, 5113.551965356429)
(4, 0.05, 7.3428981348637015, 150.86370157819226)
(4, 0.1, 10.023923444976077, 246.09637730690363)
(4, 0.15, 17.74501622624015, 682.5108947612424)
(4, 0.2, 46.936807817589575, 7159.314006514658)
(4, 0.05, 7.782956058588549, 170.74700399467378)
(4, 0.1, 11.995929443690638, 377.25373134328356)
(4, 0.15, 15.690576652601969, 604.1322081575246)
(4, 0.2, 51.678820019887304, 7604.176665561817)
(4, 0.05, 7.834319526627219, 170.07988165680473)
(4, 0.1, 10.398801597869507, 311.5452729693742)
(4, 0.15, 23.539790814006366, 1785.912687585266)
(4, 0.2, 43.34097222222222, 5489.069444444444)
(4, 0.05, 6.926928281461435, 131.71177266576456)
(4, 0.1, 12.057730590577306, 344.05640345056406)
(4, 0.15, 16.074511585642888, 587.0640617900954)
(4, 0.2, 53.358923230309074, 9797.996344300433)
(4, 0.05, 7.392857142857143, 158.0410052910053)
(4, 0.1, 10.591977869986168, 275.701244813278)
(4, 0.15, 20.563180312352106, 1274.6521533364885)
(4, 0.2, 47.897410358565736, 6273.842961487384)
(4, 0.05, 7.593172119487909, 179.72688477951635)
(4, 0.1, 10.805460750853243, 279.1372013651877)
(4, 0.15, 24.38499550763702, 1655.2403414195867)
(4, 0.2, 45.09728429013407, 6378.418013062908)
(4, 0.05, 7.0058910162002945, 136.33136966126656)
(4, 0.1, 10.558762886597938, 293.78213058419243)
(4, 0.15, 16.724056603773583, 631.9825471698114)
(4, 0.2, 59.74847042828008, 9564.565601631542)
(4, 0.05, 7.61968085106383, 158.19148936170214)
(4, 0.1, 11.59337561663143, 346.25581395348837)
(4, 0.15, 16.64771668219944, 680.4156570363467)
(4, 0.2, 49.41818181818182, 6084.291595197255)
(4, 0.05, 7.303244005641749, 155.00141043723553)
(4, 0.1, 11.442532690984171, 315.7646249139711)
(4, 0.15, 15.60243133723548, 528.5218370103557)
(4, 0.2, 55.86209239130435, 8317.264266304348)
(4, 0.05, 7.533692722371968, 148.56873315363882)
(4, 0.1, 10.735488126649077, 288.3845646437995)
(4, 0.15, 29.59299191374663, 2823.639712488769)
(4, 0.2, 51.21680216802168, 6645.7472899729)
(4, 0.05, 8.175765645805592, 184.15446071904128)
(4, 0.1, 12.09283276450512, 403.718771331058)
(4, 0.15, 25.48081264108352, 2680.192325056433)
(4, 0.2, 48.69315245478036, 7442.717700258398)
(4, 0.05, 7.541963015647227, 151.43954480796586)
(4, 0.1, 10.230715774843642, 256.1945795691452)
(4, 0.15, 19.631602506714415, 972.2743957027753)
(4, 0.2, 47.22907488986784, 6358.53575059302)
(4, 0.05, 7.526104417670683, 164.02141900937082)
(4, 0.1, 11.498002663115846, 318.6271637816245)
(4, 0.15, 30.675225225225226, 3877.1536036036036)
(4, 0.2, 48.3323087431694, 6104.26468579235)
(4, 0.05, 8.358757062146893, 216.32203389830508)
(4, 0.1, 10.249652294853965, 264.182892906815)
(4, 0.15, 17.256398742703187, 728.4211944319712)
(4, 0.2, 53.1304780876494, 7700.844289508632)
(4, 0.05, 7.379694019471488, 159.37134909596662)
(4, 0.1, 11.40329218106996, 308.042524005487)
(4, 0.15, 25.21392808375057, 1936.015020482476)
(4, 0.2, 51.03660622647964, 7623.400615805679)
(4, 0.05, 7.5694249649368865, 167.55820476858344)
(4, 0.1, 11.497860199714694, 322.3181169757489)
(4, 0.15, 23.56135531135531, 1624.7527472527472)
(4, 0.2, 55.66792972786772, 8090.205993799518)
(4, 0.05, 7.483425414364641, 143.8977900552486)
(4, 0.1, 9.629482071713147, 232.02523240371846)
(4, 0.15, 18.509976798143853, 863.3331786542924)
(4, 0.2, 49.70306258322237, 6540.362183754994)
(4, 0.05, 7.427566807313643, 149.86919831223628)
(4, 0.1, 9.383263009845288, 219.76300984528834)
(4, 0.15, 17.980198019801982, 929.7208863743517)
(4, 0.2, 55.32071045576407, 8638.18264075067)
(4, 0.05, 7.338008415147265, 143.01823281907434)
(4, 0.1, 10.617749825296995, 300.4891684136967)
(4, 0.15, 26.277520814061056, 2819.5985198889916)
(4, 0.2, 49.194330601092894, 7194.92725409836)
(4, 0.05, 8.791722296395193, 218.3004005340454)
(4, 0.1, 11.637062937062938, 352.4566433566434)
(4, 0.15, 29.374548736462096, 4344.412454873646)
(4, 0.2, 51.32374100719424, 8266.335046248716)
(4, 0.05, 8.008064516129032, 189.38440860215053)
(4, 0.1, 10.41394025604552, 255.86770981507823)
(4, 0.15, 35.592345349354694, 4204.404984423676)
(4, 0.2, 49.38082376772451, 6480.885212694126)
(4, 0.05, 7.959349593495935, 172.3008130081301)
(4, 0.1, 11.964935940660823, 356.33580579905595)
(4, 0.15, 27.27964205816555, 2708.7400447427294)
(4, 0.2, 46.247319034852545, 6590.303619302949)
(4, 0.05, 8.135135135135135, 179.97581792318636)
(4, 0.1, 11.383909668313338, 320.5469301340861)
(4, 0.15, 22.190719257540604, 1348.4199535962878)
(4, 0.2, 53.03304405874499, 7198.698598130841)
(4, 0.05, 7.484764542936288, 156.90027700831024)
(4, 0.1, 10.53459972862958, 276.5807327001357)
(4, 0.15, 39.41455550437586, 4890.205895900507)
(4, 0.2, 39.407005253940454, 4872.8017513134855)
(4, 0.05, 8.28811369509044, 191.19250645994833)
(4, 0.1, 12.352708058124174, 363.98282694848086)
(4, 0.15, 39.401732786137714, 5269.612403100775)
(4, 0.2, 52.80430463576159, 7214.32417218543)
(4, 0.05, 8.807113543091655, 213.33242134062928)
(4, 0.1, 10.989458889669711, 279.8172874209417)
(4, 0.15, 27.99420160570919, 2925.177966101695)
(4, 0.2, 46.21342281879195, 5983.143624161074)
(4, 0.05, 7.065934065934066, 138.75824175824175)
(4, 0.1, 10.718206157965193, 277.10776439089693)
(4, 0.15, 17.026940639269405, 675.72100456621)
(4, 0.2, 53.48738647830474, 7467.3501513622605)
(4, 0.05, 8.041039671682627, 176.79616963064296)
(4, 0.1, 11.351928374655648, 304.65495867768595)
(4, 0.15, 17.634191176470587, 700.2215073529412)
(4, 0.2, 50.95498824319785, 6409.405777628485)
(4, 0.05, 8.141274238227147, 200.20221606648198)
(4, 0.1, 10.683044982698961, 280.06574394463667)
(4, 0.15, 19.9527352297593, 1061.5142231947484)
(4, 0.2, 54.59083415759974, 9548.270359380153)
(4, 0.05, 7.934051144010767, 167.78061911170929)
(4, 0.1, 10.659678546471, 281.4409503843466)
(4, 0.15, 18.75395033860045, 903.0139954853273)
(4, 0.2, 46.8914996544575, 6598.440221147202)
(4, 0.05, 7.455418381344307, 167.17009602194787)
(4, 0.1, 10.20198440822112, 254.29978738483345)
(4, 0.15, 17.729261622607112, 782.1932543299909)
(4, 0.2, 51.531082887700535, 7550.844585561497)
(4, 0.05, 7.177865612648222, 138.08959156785244)
(4, 0.1, 11.056577086280056, 294.7722772277228)
(4, 0.15, 31.53, 3470.1363636363635)
(4, 0.2, 49.30184804928131, 6547.136208076659)
(4, 0.05, 7.523351648351649, 157.86126373626374)
(4, 0.1, 10.282263630089718, 255.4223602484472)
(4, 0.15, 28.648007165248544, 2829.636811464398)
(4, 0.2, 50.883947185545516, 6662.178596247394)
(4, 0.05, 7.800884955752212, 159.99852507374632)
(4, 0.1, 13.0, 454.56749311294766)
(4, 0.15, 18.4200187090739, 884.7867165575304)
(4, 0.2, 40.930177111716624, 4949.769414168937)
(4, 0.05, 8.224827586206896, 182.11724137931034)
(4, 0.1, 10.784649776453055, 288.98584202682565)
(4, 0.15, 31.00270880361174, 3570.420316027088)
(4, 0.2, 41.833853624696495, 6073.1408255289625)
(4, 0.05, 8.014025245441795, 192.71809256661993)
(4, 0.1, 9.576259489302968, 234.5686680469289)
(4, 0.15, 18.68709073900842, 907.2820392890552)
(4, 0.2, 53.78084526244035, 8875.888548057259)
(4, 0.05, 8.529093369418133, 205.66035182679298)
(4, 0.1, 12.362673726009266, 420.46062210456654)
(4, 0.15, 16.39090491502067, 654.8144235186036)
(4, 0.2, 46.393521709166095, 5781.039972432805)
(4, 0.05, 7.340026773761713, 158.2449799196787)
(4, 0.1, 10.848993288590604, 279.6785234899329)
(4, 0.15, 37.87063095778484, 4801.040853381752)
(4, 0.2, 53.94685172647258, 7922.0118483412325)
(4, 0.05, 7.343957503320053, 161.09163346613545)
(4, 0.1, 10.40552016985138, 262.9844302901628)
(4, 0.15, 30.65625, 3542.5376838235293)
(4, 0.2, 48.32286096256684, 6464.663101604278)
(4, 0.05, 7.670299727520436, 159.00544959128067)
(4, 0.1, 12.844982698961937, 411.44567474048444)
(4, 0.15, 15.335192933519293, 520.0827522082752)
(4, 0.2, 43.230558410414524, 4920.015073655361)
(4, 0.05, 7.0943912448700415, 158.9986320109439)
(4, 0.1, 10.268667131891137, 261.06978367062106)
(4, 0.15, 31.87232102143183, 3558.126766985864)
(4, 0.2, 53.97059840885507, 7578.774472500865)
(4, 0.05, 7.531593406593407, 160.39697802197801)
(4, 0.1, 10.877251501000668, 273.5937291527685)
(4, 0.15, 17.513786764705884, 791.3759191176471)
(4, 0.2, 48.66531027466938, 7149.552390640895)
(4, 0.05, 7.437252311756935, 152.88771466314398)
(4, 0.1, 11.048168249660787, 297.1431478968792)
(4, 0.15, 18.815970628728774, 1046.1826525929325)
(4, 0.2, 43.87737127371274, 5645.206639566396)
(4, 0.05, 7.3624161073825505, 150.34228187919464)
(4, 0.1, 10.68659793814433, 289.773883161512)
(4, 0.15, 17.428237494156146, 779.6143057503506)
(4, 0.2, 47.86969397828233, 6146.204014478447)
(4, 0.05, 8.177685950413224, 181.18595041322314)
(4, 0.1, 10.901302261823167, 284.78752570253596)
(4, 0.15, 39.7776268115942, 6151.081974637681)
(4, 0.2, 51.18685897435898, 8901.913141025641)
(4, 0.05, 8.54368932038835, 188.44105409153954)
(4, 0.1, 11.474622770919067, 329.05075445816186)
(4, 0.15, 41.6345723242275, 5934.135244066279)
(4, 0.2, 43.801675041876045, 6653.049246231156)
(4, 0.05, 7.612771739130435, 161.92798913043478)
(4, 0.1, 11.417270929466051, 314.1502966381015)
(4, 0.15, 15.840877914951989, 564.212162780064)
(4, 0.2, 47.87818791946309, 6330.106375838926)
(4, 0.05, 7.570666666666667, 161.02133333333333)
(4, 0.1, 10.544055944055945, 277.66713286713286)
(4, 0.15, 42.25161588180979, 5755.762234533703)
(4, 0.2, 50.6488903610467, 6545.555150712156)
(4, 0.05, 7.522366522366522, 153.07503607503608)
(4, 0.1, 11.584406294706724, 383.123748211731)
(4, 0.15, 17.429094236047575, 718.6486733760293)
(4, 0.2, 47.25153165418652, 5767.994213750851)
(4, 0.05, 8.804749340369392, 202.90501319261213)
(4, 0.1, 10.879393521709167, 289.76705720192973)
(4, 0.15, 34.237419945105216, 4825.921774931381)
(4, 0.2, 49.98642833498842, 6671.0681893412775)
(4, 0.05, 8.621318373071528, 215.00841514726508)
(4, 0.1, 17.437712729748128, 1417.1313818924439)
(4, 0.15, 15.950307619498343, 586.8741126360625)
(4, 0.2, 41.093333333333334, 6416.686495726496)
(4, 0.05, 7.601043024771839, 159.89048239895698)
(4, 0.1, 10.897122302158273, 310.6007194244604)
(4, 0.15, 17.080301685891747, 716.2275953859805)
(4, 0.2, 45.19674906874365, 6280.585167626143)
(4, 0.05, 8.001322751322752, 189.56746031746033)
(4, 0.1, 13.498309668695065, 453.6862745098039)
(4, 0.15, 25.251586582048958, 2214.1382592928376)
(4, 0.2, 43.065338923829486, 6134.156184486374)
(4, 0.05, 7.299310344827586, 153.5448275862069)
(4, 0.1, 10.87439278278973, 288.1943095072866)
(4, 0.15, 37.38616175783076, 4820.422159887798)
(4, 0.2, 55.92139303482587, 8816.739966832503)
(4, 0.05, 9.561448900388099, 259.02328589909445)
(4, 0.1, 10.863539445628998, 279.1620469083156)
(4, 0.15, 35.48772579898101, 4524.882816118574)
(4, 0.2, 49.81943487250172, 7881.704341833219)
(4, 0.05, 6.9916201117318435, 130.54748603351956)
(4, 0.1, 11.244939271255062, 307.9507422402159)
(4, 0.15, 16.577898550724637, 652.8115942028985)
(4, 0.2, 48.52748344370861, 7020.4109271523175)
(4, 0.05, 8.092198581560284, 198.88936170212767)
(4, 0.1, 11.868046571798189, 345.849935316947)
(4, 0.15, 40.87802690582959, 6113.503139013453)
(4, 0.2, 52.39510370622237, 8553.209112546752)
(4, 0.05, 7.987050359712231, 187.58129496402879)
(4, 0.1, 10.701534170153417, 284.21617852161785)
(4, 0.15, 30.69277108433735, 3182.906858202039)
(4, 0.2, 53.26987307949232, 7801.308617234469)
(4, 0.05, 8.380825565912117, 224.75099866844207)
(4, 0.1, 11.839616175462645, 342.07813570939)
(4, 0.15, 25.391150442477876, 2038.0415929203539)
(4, 0.2, 56.75392491467577, 8789.396928327646)
(4, 0.05, 7.5770750988142295, 157.32674571805006)
(4, 0.1, 11.017265193370166, 301.7493093922652)
(4, 0.15, 25.628080985915492, 2115.4229753521126)
(4, 0.2, 52.05847373637265, 7289.290716881401)
(4, 0.05, 7.395109395109395, 169.6911196911197)
(4, 0.1, 11.106009453072248, 299.1127616475354)
(4, 0.15, 14.666059225512528, 493.7111617312073)
(4, 0.2, 50.20459081836327, 7538.733532934131)
(4, 0.05, 8.346049046321525, 187.18528610354224)
(4, 0.1, 9.71448087431694, 221.0983606557377)
(4, 0.15, 35.04557761732852, 3998.686371841155)
(4, 0.2, 52.01462585034014, 8738.589455782312)
(4, 0.05, 8.59322033898305, 222.6129943502825)
(4, 0.1, 10.640802675585284, 278.98327759197326)
(4, 0.15, 23.373087308730874, 1671.7754275427542)
(4, 0.2, 50.23896103896104, 7692.675974025974)
(4, 0.05, 8.346853146853148, 186.9874125874126)
(4, 0.1, 11.068424803991446, 296.4925160370634)
(4, 0.15, 15.640018273184102, 618.5089081772499)
(4, 0.2, 47.308575286968264, 6145.190411883862)
(4, 0.05, 7.837516512549538, 165.05019815059444)
(4, 0.1, 14.167128987517337, 638.6525658807212)
(4, 0.15, 29.457926545792656, 4005.639237563924)
(4, 0.2, 50.09652777777778, 6190.083333333333)
(4, 0.05, 7.558238636363637, 168.44176136363637)
(4, 0.1, 10.986878453038674, 310.36671270718233)
(4, 0.15, 22.043904717421764, 1501.9542269967305)
(4, 0.2, 48.628165105792576, 8283.956642386403)
(4, 0.05, 8.566312997347481, 209.68832891246683)
(4, 0.1, 12.821673525377228, 488.30589849108367)
(4, 0.15, 23.487603305785125, 1795.5693296602387)
(4, 0.2, 44.09317188025563, 6452.4456777665655)
(4, 0.05, 6.353606789250354, 117.03536067892503)
(4, 0.1, 11.129476584022038, 316.87741046831957)
(4, 0.15, 17.08520384791571, 702.1250572606505)
(4, 0.2, 48.977681545636244, 7061.914390406396)
(4, 0.05, 8.3, 189.77123287671233)
(4, 0.1, 10.875601374570447, 304.493470790378)
(4, 0.15, 41.92921146953405, 6098.334229390681)
(4, 0.2, 54.63614864864865, 7787.144932432432)
(4, 0.05, 8.486187845303867, 201.14088397790056)
(4, 0.1, 9.613840830449828, 252.97301038062284)
(4, 0.15, 34.10671573137075, 4094.001839926403)
(4, 0.2, 52.9308492782813, 6659.60355824102)
(4, 0.05, 7.976063829787234, 188.52659574468086)
(4, 0.1, 10.966947960618846, 319.6434599156118)
(4, 0.15, 36.06818181818182, 4908.470142602496)
(4, 0.2, 51.47294117647059, 6854.785882352941)
(4, 0.05, 8.133155792276964, 177.18242343541945)
(4, 0.1, 10.370294318959617, 264.6167008898015)
(4, 0.15, 40.88256880733945, 6202.995412844037)
(4, 0.2, 44.210263245584805, 7240.700766411196)
(4, 0.05, 8.290697674418604, 176.80232558139534)
(4, 0.1, 10.339055793991417, 255.05293276108728)
(4, 0.15, 17.35274776890559, 759.0446218882104)
(4, 0.2, 50.20712401055409, 8872.785620052771)
(4, 0.05, 8.67817679558011, 211.41298342541435)
(4, 0.1, 13.109933774834436, 445.54834437086095)
(4, 0.15, 17.50523311132255, 743.2978116079923)
(4, 0.2, 49.161137440758296, 6294.44143534191)
(4, 0.05, 8.094240837696335, 185.23821989528795)
(4, 0.1, 10.827725437415882, 291.3189771197847)
(4, 0.15, 18.709082526509913, 975.6366989396035)
(4, 0.2, 55.12976588628762, 9104.001337792643)
(4, 0.05, 7.753956834532374, 175.75107913669063)
(4, 0.1, 10.718963165075035, 283.55115961800817)
(4, 0.15, 32.33682294037324, 3894.457897132453)
(4, 0.2, 48.0922668436774, 6577.697311649519)
(4, 0.05, 7.861111111111111, 170.27380952380952)
(4, 0.1, 11.53347280334728, 327.6994421199442)
(4, 0.15, 19.814814814814813, 1039.2375790424571)
(4, 0.2, 53.495477386934674, 8428.659966499163)
(4, 0.05, 7.412162162162162, 145.70675675675676)
(4, 0.1, 10.501697216564834, 261.4562118126273)
(4, 0.15, 15.995903504779244, 582.1952662721893)
(4, 0.2, 44.4248257550614, 6136.119482243611)
(4, 0.05, 7.557534246575343, 159.63424657534247)
(4, 0.1, 10.807942238267149, 310.5552346570397)
(4, 0.15, 15.99576071596797, 580.8228921337729)
(4, 0.2, 50.679591836734694, 9159.097278911564)
(4, 0.05, 9.25381414701803, 208.80443828016644)
(4, 0.1, 10.625762711864407, 259.7566101694915)
(4, 0.15, 15.26002766251729, 530.8017519594283)
(4, 0.2, 51.690387858347385, 6341.289038785835)
(4, 0.05, 8.193641618497109, 169.48843930635837)
(4, 0.1, 10.908963585434174, 301.1498599439776)
(4, 0.15, 33.5320484087853, 4108.279695203944)
(4, 0.2, 46.88462843569732, 6997.01085850017)
(4, 0.05, 7.532279314888011, 143.93544137022397)
(4, 0.1, 11.382892057026476, 308.87780040733196)
(4, 0.15, 16.84553210597216, 629.8998652896273)
(4, 0.2, 51.382893417975275, 8289.928833945874)
(4, 0.05, 7.605809128630705, 155.9405255878285)
(4, 0.1, 11.239862542955326, 326.5209621993127)
(4, 0.15, 17.31238615664845, 823.712204007286)
(4, 0.2, 48.651186790505676, 7928.388372893017)
(4, 0.05, 7.757800891530461, 184.0193164933135)
(4, 0.1, 11.686832740213523, 365.6754448398577)
(4, 0.15, 19.137823371989295, 898.6989295272078)
(4, 0.2, 50.06256375382523, 6069.960557633458)
(4, 0.05, 8.454297407912687, 199.4256480218281)
(4, 0.1, 10.698126301179736, 286.72727272727275)
(4, 0.15, 16.039887376818395, 639.6062881276396)
(4, 0.2, 50.30800821355236, 7523.546201232033)
(4, 0.05, 6.871584699453552, 120.68579234972678)
(4, 0.1, 10.345800524934383, 286.25)
(4, 0.15, 27.33288288288288, 2579.1716216216214)
(4, 0.2, 45.865821094793056, 5219.497997329773)
(4, 0.05, 7.500685871056241, 153.7914951989026)
(4, 0.1, 11.594740391099123, 343.0215778826703)
(4, 0.15, 15.254794520547945, 515.917808219178)
(4, 0.2, 47.00102669404517, 6828.740246406571)
(4, 0.05, 8.006915629322268, 169.9045643153527)
(4, 0.1, 10.783711615487316, 319.762349799733)
(4, 0.15, 21.825033647375506, 1353.5594436967249)
(4, 0.2, 46.33321702721563, 6097.942428471738)
(4, 0.05, 8.286811779769526, 190.74519846350833)
(4, 0.1, 9.739406779661017, 238.41313559322035)
(4, 0.15, 26.363468634686345, 2144.1817343173434)
(4, 0.2, 42.55059523809524, 5305.2390873015875)
(4, 0.05, 6.838888888888889, 131.42222222222222)
(4, 0.1, 11.938662991040662, 333.749827705031)
(4, 0.15, 15.448307834955957, 550.4005563282336)
(4, 0.2, 48.486275838698745, 6444.300576075906)
(4, 0.05, 8.288135593220339, 197.52824858757063)
(4, 0.1, 10.910689170182842, 288.17229254571026)
(4, 0.15, 28.718222222222224, 2869.9262222222223)
(4, 0.2, 55.213621262458474, 8172.0860465116275)
(4, 0.05, 6.8609179415855355, 138.03755215577192)
(4, 0.1, 11.802578018995929, 316.8215739484396)
(4, 0.15, 31.436479128856625, 3618.8194192377496)
(4, 0.2, 49.736196319018404, 6144.902522154056)
(4, 0.05, 8.633053221288515, 200.47619047619048)
(4, 0.1, 11.742857142857142, 326.0942857142857)
(4, 0.15, 18.824953445065177, 874.1666666666666)
(4, 0.2, 59.23560381704508, 9219.33892727871)
(4, 0.05, 8.966032608695652, 234.2513586956522)
(4, 0.1, 11.183460736622655, 322.33703961084086)
(4, 0.15, 16.189530685920577, 575.8664259927798)
(4, 0.2, 46.92195453003054, 6783.120800814388)
(4, 0.05, 8.253878702397744, 181.7009873060649)
(4, 0.1, 10.537271448663853, 290.85935302391)
(4, 0.15, 15.270863137815928, 508.6261325703386)
(4, 0.2, 45.439643347050755, 5121.137174211248)
(4, 0.05, 8.750656167979002, 215.7217847769029)
(4, 0.1, 10.0028129395218, 247.67791842475387)
(4, 0.15, 16.142662426169924, 587.1649250340754)
(4, 0.2, 49.20574324324324, 6858.816554054054)
(4, 0.05, 7.746870653685675, 166.53407510431154)
(4, 0.1, 10.294630872483221, 254.14429530201343)
(4, 0.15, 18.56496152105025, 909.6432775011317)
(4, 0.2, 44.99055967633176, 5768.380310182063)
(4, 0.05, 8.19400855920114, 175.63195435092726)
(4, 0.1, 10.962585034013605, 286.9231292517007)
(4, 0.15, 21.676684881602913, 1600.6593806921676)
(4, 0.2, 47.894896924636704, 6391.450827982427)
(4, 0.05, 8.321573948439621, 200.54952510176392)
(4, 0.1, 12.299384825700615, 379.2412850307587)
(4, 0.15, 19.34805890227577, 1152.2164212405175)
(4, 0.2, 41.707759489418876, 6964.654350016795)
(4, 0.05, 7.719424460431655, 170.19712230215828)
(4, 0.1, 10.466945024356297, 263.9547668754349)
(4, 0.15, 29.63954002653693, 3180.6390977443607)
(4, 0.2, 42.95315752949341, 6289.122484385844)
(4, 0.05, 8.737960339943342, 224.6444759206799)
(4, 0.1, 10.960132890365449, 301.7720930232558)
(4, 0.15, 31.48554104477612, 3180.6096082089553)
(4, 0.2, 41.10244070127192, 6269.491577861808)
(4, 0.05, 7.705722070844686, 171.43324250681198)
(4, 0.1, 8.766922540125611, 187.04326587578507)
(4, 0.15, 18.85904846598488, 926.9186305024456)
(4, 0.2, 54.56940700808625, 8213.409029649596)
(4, 0.05, 8.077147016011645, 201.71906841339157)
(4, 0.1, 9.816596931659694, 235.49860529986054)
(4, 0.15, 16.156437471158284, 653.253807106599)
(4, 0.2, 47.83611111111111, 6777.91875)
(4, 0.05, 8.675925925925926, 185.82142857142858)
(4, 0.1, 11.18732782369146, 302.90220385674934)
(4, 0.15, 15.009575923392612, 477.4792521659827)
(4, 0.2, 49.532122435250585, 6184.986545576859)
(4, 0.05, 7.7372764786795045, 158.05364511691886)
(4, 0.1, 10.519063545150502, 289.16789297658863)
(4, 0.15, 17.12615526802218, 705.3211645101663)
(4, 0.2, 56.97591973244147, 8794.689632107023)
(4, 0.05, 7.800771208226221, 154.8650385604113)
(4, 0.1, 10.67211997273347, 278.3476482617587)
(4, 0.15, 18.219184652278177, 814.4695443645084)
(4, 0.2, 46.34778085991678, 5890.53987517337)
(4, 0.05, 7.752124645892351, 168.09490084985836)
(4, 0.1, 10.343683839096682, 256.590684544813)
(4, 0.15, 37.93451327433628, 4192.672566371682)
(4, 0.2, 52.208319127173546, 7095.520286396181)
(4, 0.05, 8.80169971671388, 229.80736543909347)
(4, 0.1, 10.483062330623307, 260.24457994579944)
(4, 0.15, 36.47742218325296, 3876.0872424375275)
(4, 0.2, 51.686882003955176, 7461.926829268293)
(4, 0.05, 7.5444596443228455, 160.90971272229822)
(4, 0.1, 11.385327635327636, 351.00925925925924)
(4, 0.15, 36.2, 4905.673873873874)
(4, 0.2, 46.8038038038038, 6237.529195862529)
(4, 0.05, 8.783602150537634, 207.622311827957)
(4, 0.1, 11.439007580978636, 295.88559614059267)
(4, 0.15, 15.516759776536313, 504.8147113594041)
(4, 0.2, 48.15458605290278, 6372.441085537616)
(4, 0.05, 7.436486486486486, 173.22837837837838)
(4, 0.1, 11.238451086956522, 312.1976902173913)
(4, 0.15, 29.43402450518379, 3110.6564561734212)
(4, 0.2, 51.908817635270545, 8762.32765531062)
(4, 0.05, 7.4839124839124835, 153.22908622908622)
(4, 0.1, 10.261787473610134, 259.3427163969036)
(4, 0.15, 18.569563259792886, 872.4966231427285)
(4, 0.2, 47.37995896032832, 6460.715800273598)
(4, 0.05, 9.543539325842696, 252.99016853932585)
(4, 0.1, 11.396239554317548, 339.3516713091922)
(4, 0.15, 18.81999074502545, 1008.0546043498381)
(4, 0.2, 48.72718052738337, 6184.276200135227)
(4, 0.05, 8.100671140939598, 176.9946308724832)
(4, 0.1, 10.552027027027027, 266.7695945945946)
(4, 0.15, 18.94610244988864, 837.1109131403118)
(4, 0.2, 57.03640614562458, 8918.00501002004)
(4, 0.05, 7.9865771812080535, 177.94630872483222)
(4, 0.1, 11.363008971704623, 337.9910282953761)
(4, 0.15, 18.00853889943074, 760.8130929791272)
(4, 0.2, 50.746151214505645, 7686.265138556278)
(4, 0.05, 8.133891213389122, 204.61645746164575)
(4, 0.1, 10.551087673038893, 270.20566908371785)
(4, 0.15, 17.81140754369825, 771.0395584176633)
(4, 0.2, 53.41493912471208, 8848.497532082922)
(4, 0.05, 8.411375661375661, 202.8558201058201)
(4, 0.1, 12.012203389830509, 382.93830508474576)
(4, 0.15, 17.528414298808432, 677.8712190650779)
(4, 0.2, 45.05661641541039, 5612.071691792295)
(4, 0.05, 7.714285714285714, 176.8033946251768)
(4, 0.1, 10.74505794137696, 299.1772324471711)
(4, 0.15, 34.5970852978997, 3887.766395199314)
(4, 0.2, 61.339533310787964, 10047.815015218126)
(4, 0.05, 7.833558863328823, 174.7212449255751)
(4, 0.1, 10.88611859838275, 277.10040431266845)
(4, 0.15, 23.718568232662193, 1900.5704697986578)
(4, 0.2, 43.42311626321173, 5958.91101261507)
(4, 0.05, 8.354533152909337, 188.84979702300407)
(4, 0.1, 10.187755102040816, 266.58775510204083)
(4, 0.15, 16.90181124880839, 685.9580552907531)
(4, 0.2, 54.35940660822657, 8239.289278489548)
(4, 0.05, 7.134666666666667, 133.56933333333333)
(4, 0.1, 12.608571428571429, 392.08714285714285)
(4, 0.15, 16.806944444444444, 620.0717592592592)
(4, 0.2, 51.585167626142905, 6828.839485269218)
(4, 0.05, 8.354019746121297, 185.83497884344146)
(4, 0.1, 10.372976776917664, 269.42153413089375)
(4, 0.15, 23.40054619936277, 1977.8566226672735)
(4, 0.2, 49.050376185803074, 7577.780503761858)
