(0, 0.05, 7.457507082152975, 132.05807365439094)
(1, 0.05, 10.111898016997166, 250.77478753541075)
(2, 0.05, 13.028328611898017, 398.4277620396601)
(3, 0.05, 3.500709219858156, 42.39432624113475)
(4, 0.05, 8.739007092198582, 208.4695035460993)
(0, 0.05, 7.306578947368421, 127.44342105263158)
(1, 0.05, 10.007884362680683, 245.66622864651774)
(2, 0.05, 12.645586297760211, 392.4664031620553)
(3, 0.05, 4.101583113456464, 52.605540897097626)
(4, 0.05, 8.081686429512516, 168.42687747035572)
(0, 0.05, 6.157103825136612, 101.10792349726776)
(1, 0.05, 9.56929347826087, 230.91983695652175)
(2, 0.05, 12.196452933151432, 361.6180081855389)
(3, 0.05, 3.719562243502052, 42.98358413132695)
(4, 0.05, 7.145006839945281, 138.75376196990425)
(0, 0.05, 6.896978021978022, 117.2239010989011)
(1, 0.05, 9.945130315500686, 239.09190672153636)
(2, 0.05, 12.277854195323247, 377.980742778542)
(3, 0.05, 3.852617079889807, 48.16391184573003)
(4, 0.05, 8.641483516483516, 193.98763736263737)
(0, 0.05, 7.021337126600285, 118.96159317211949)
(1, 0.05, 9.821428571428571, 238.71)
(2, 0.05, 11.435897435897436, 351.4131054131054)
(3, 0.05, 3.67, 43.93571428571428)
(4, 0.05, 5.623044096728307, 81.1678520625889)
(0, 0.05, 6.502057613168724, 110.94375857338821)
(1, 0.05, 9.908469945355192, 235.93579234972677)
(2, 0.05, 12.737997256515776, 394.8477366255144)
(3, 0.05, 3.858710562414266, 48.24828532235939)
(4, 0.05, 8.340192043895748, 169.11111111111111)
(0, 0.05, 6.788694481830417, 121.69313593539704)
(1, 0.05, 9.784366576819407, 235.82749326145552)
(2, 0.05, 12.380566801619434, 381.7354925775978)
(3, 0.05, 4.060646900269542, 50.06064690026954)
(4, 0.05, 7.514784946236559, 149.55779569892474)
(0, 0.05, 6.843915343915344, 116.62433862433862)
(1, 0.05, 9.727152317880794, 229.59470198675496)
(2, 0.05, 12.059681697612731, 370.95092838196285)
(3, 0.05, 3.9748010610079576, 51.97214854111406)
(4, 0.05, 5.980106100795756, 81.22413793103448)
(0, 0.05, 6.784285714285715, 114.47571428571429)
(1, 0.05, 10.658605974395448, 271.68847795163583)
(2, 0.05, 12.445078459343794, 380.00570613409417)
(3, 0.05, 3.677187948350072, 45.48780487804878)
(4, 0.05, 5.915472779369628, 89.48567335243553)
(0, 0.05, 6.913630229419703, 118.6842105263158)
(1, 0.05, 9.174324324324324, 213.5391891891892)
(2, 0.05, 13.23149394347241, 412.2328398384926)
(3, 0.05, 4.217567567567568, 55.21756756756757)
(4, 0.05, 6.722745625841184, 117.66756393001346)
(0, 0.05, 6.903614457831325, 114.3467202141901)
(1, 0.05, 10.145748987854251, 249.09581646423752)
(2, 0.05, 11.951677852348993, 367.4201342281879)
(3, 0.05, 3.966307277628032, 46.64016172506739)
(4, 0.05, 8.267833109017497, 162.13055181695827)
(0, 0.05, 7.094520547945206, 121.56849315068493)
(1, 0.05, 9.40358126721763, 221.1611570247934)
(2, 0.05, 11.973901098901099, 371.5837912087912)
(3, 0.05, 3.833103448275862, 49.54896551724138)
(4, 0.05, 6.470426409903714, 100.84731774415405)
(0, 0.05, 6.984615384615385, 117.89370629370629)
(1, 0.05, 9.038997214484679, 217.016713091922)
(2, 0.05, 11.787114845938376, 359.4873949579832)
(3, 0.05, 4.0293706293706295, 52.89090909090909)
(4, 0.05, 5.9860335195530725, 83.75139664804469)
(0, 0.05, 7.105849582172702, 118.4150417827298)
(1, 0.05, 9.372027972027972, 229.09230769230768)
(2, 0.05, 11.551820728291316, 352.88235294117646)
(3, 0.05, 3.310924369747899, 38.21568627450981)
(4, 0.05, 5.38655462184874, 71.40056022408963)
(0, 0.05, 6.7011795543905635, 116.63564875491481)
(1, 0.05, 9.64257555847569, 226.06307490144548)
(2, 0.05, 12.74736842105263, 395.69473684210527)
(3, 0.05, 4.071334214002642, 50.150594451783356)
(4, 0.05, 5.9658344283837055, 86.58869908015768)
(0, 0.05, 6.859649122807017, 118.47638326585695)
(1, 0.05, 10.5, 260.2620320855615)
(2, 0.05, 12.108724832214765, 360.14630872483224)
(3, 0.05, 3.611336032388664, 41.983805668016196)
(4, 0.05, 6.393530997304582, 104.31266846361186)
(0, 0.05, 6.856338028169014, 122.17183098591549)
(1, 0.05, 9.555555555555555, 229.60056258790436)
(2, 0.05, 11.973239436619718, 368.35915492957747)
(3, 0.05, 3.721518987341772, 45.81153305203938)
(4, 0.05, 5.615492957746479, 79.17042253521127)
(0, 0.05, 7.675141242937853, 134.43785310734464)
(1, 0.05, 9.514084507042254, 229.08028169014085)
(2, 0.05, 12.424328147100425, 386.5884016973126)
(3, 0.05, 3.9306930693069306, 50.403111739745405)
(4, 0.05, 6.674681753889675, 112.77652050919377)
(0, 0.05, 7.106796116504855, 121.74479889042996)
(1, 0.05, 9.60887656033287, 227.001386962552)
(2, 0.05, 13.079056865464633, 410.31900138696255)
(3, 0.05, 4.131944444444445, 51.56527777777778)
(4, 0.05, 6.332409972299169, 104.12742382271468)
(0, 0.05, 6.970422535211267, 118.5)
(1, 0.05, 10.418899858956276, 258.311706629055)
(2, 0.05, 12.777150916784203, 392.6332863187588)
(3, 0.05, 3.7334273624823697, 46.80535966149506)
(4, 0.05, 6.040902679830747, 89.96473906911143)
(0, 0.05, 8.070931849791377, 146.18776077885954)
(1, 0.05, 9.655124653739612, 226.47229916897507)
(2, 0.05, 11.692628650904034, 364.9777468706537)
(3, 0.05, 3.7468706536856744, 43.471488178025034)
(4, 0.05, 6.270571827057183, 99.023709902371)
(0, 0.05, 6.85675306957708, 119.4324693042292)
(1, 0.05, 10.165526675786595, 246.7674418604651)
(2, 0.05, 12.656634746922025, 378.5608755129959)
(3, 0.05, 3.9, 49.80958904109589)
(4, 0.05, 5.875342465753425, 82.22602739726027)
(0, 0.05, 7.220505617977528, 124.24297752808988)
(1, 0.05, 10.166902404526168, 246.48656294200848)
(2, 0.05, 13.091678420310297, 408.8631875881523)
(3, 0.05, 3.3026874115983027, 41.26025459688826)
(4, 0.05, 6.530410183875531, 99.95615275813296)
(0, 0.05, 7.1913499344692005, 124.94495412844037)
(1, 0.05, 9.213910761154855, 219.41076115485563)
(2, 0.05, 12.009186351706036, 370.1666666666667)
(3, 0.05, 4.0131578947368425, 47.21842105263158)
(4, 0.05, 6.28515111695138, 97.88042049934297)
(0, 0.05, 7.321775312066574, 129.26352288488212)
(1, 0.05, 10.085872576177286, 248.54847645429362)
(2, 0.05, 11.357836338418863, 342.23994452149793)
(3, 0.05, 3.661581137309293, 45.10124826629681)
(4, 0.05, 5.839112343966713, 84.2135922330097)
(0, 0.05, 6.55364238410596, 111.75629139072848)
(1, 0.05, 9.556878306878307, 224.01190476190476)
(2, 0.05, 11.586754966887417, 344.86887417218543)
(3, 0.05, 3.650730411686587, 44.264276228419654)
(4, 0.05, 6.304116865869854, 99.61354581673307)
(0, 0.05, 6.530555555555556, 108.56111111111112)
(1, 0.05, 9.831944444444444, 231.64583333333334)
(2, 0.05, 12.300417246175243, 366.8595271210014)
(3, 0.05, 3.67966573816156, 46.98050139275766)
(4, 0.05, 5.147632311977716, 69.21727019498607)
(0, 0.05, 7.16688567674113, 127.0749014454665)
(1, 0.05, 10.283093053735255, 249.07208387942333)
(2, 0.05, 12.894736842105264, 399.2763157894737)
(3, 0.05, 3.7598425196850394, 43.93044619422572)
(4, 0.05, 6.030223390275952, 94.6215505913272)
(0, 0.05, 7.126453488372093, 123.07412790697674)
(1, 0.05, 9.535087719298245, 226.02631578947367)
(2, 0.05, 12.707423580786026, 399.9505094614265)
(3, 0.05, 3.30058651026393, 40.66129032258065)
(4, 0.05, 6.3563049853372435, 107.33284457478005)
(0, 0.05, 6.6680440771349865, 113.47245179063361)
(1, 0.05, 8.923076923076923, 215.74175824175825)
(2, 0.05, 12.07977991746905, 366.1733149931224)
(3, 0.05, 3.950344827586207, 47.13655172413793)
(4, 0.05, 6.542817679558011, 118.36049723756906)
(0, 0.05, 6.311706629055007, 105.61495063469675)
(1, 0.05, 9.96338028169014, 236.80281690140845)
(2, 0.05, 12.898305084745763, 396.79378531073445)
(3, 0.05, 3.6104815864022664, 44.726628895184135)
(4, 0.05, 6.608203677510608, 103.92079207920793)
(0, 0.05, 7.629682997118156, 133.89193083573488)
(1, 0.05, 9.368115942028986, 220.61739130434782)
(2, 0.05, 12.66231884057971, 379.54347826086956)
(3, 0.05, 3.656023222060958, 45.827285921625545)
(4, 0.05, 6.355072463768116, 95.42463768115942)
(0, 0.05, 6.814245810055866, 116.52653631284916)
(1, 0.05, 9.834261838440112, 237.15459610027855)
(2, 0.05, 11.921678321678321, 355.75664335664334)
(3, 0.05, 3.613668061366806, 43.70571827057183)
(4, 0.05, 6.565642458100559, 105.30307262569832)
(0, 0.05, 7.190093708165997, 123.39892904953146)
(1, 0.05, 10.300539083557952, 252.1064690026954)
(2, 0.05, 12.15994623655914, 363.5793010752688)
(3, 0.05, 3.9030955585464335, 48.71063257065949)
(4, 0.05, 7.828647925033467, 150.01606425702812)
(0, 0.05, 6.908967391304348, 119.48233695652173)
(1, 0.05, 9.657142857142857, 225.36054421768708)
(2, 0.05, 11.56675749318801, 356.58310626702996)
(3, 0.05, 3.720708446866485, 46.93051771117166)
(4, 0.05, 6.291156462585034, 95.4095238095238)
(0, 0.05, 7.1927536231884055, 124.67101449275363)
(1, 0.05, 9.714492753623189, 222.94347826086957)
(2, 0.05, 11.805515239477504, 369.86357039187226)
(3, 0.05, 3.4298118668596236, 42.7438494934877)
(4, 0.05, 6.447826086956522, 94.41884057971015)
(0, 0.05, 6.622762148337596, 113.46419437340154)
(1, 0.05, 10.029336734693878, 244.89158163265307)
(2, 0.05, 12.647058823529411, 393.4040920716113)
(3, 0.05, 3.878205128205128, 46.64230769230769)
(4, 0.05, 6.257692307692308, 98.1576923076923)
(0, 0.05, 7.408602150537634, 129.0268817204301)
(1, 0.05, 9.993252361673415, 240.49797570850203)
(2, 0.05, 13.473684210526315, 418.5587044534413)
(3, 0.05, 3.719298245614035, 47.85425101214575)
(4, 0.05, 6.2008086253369274, 91.33018867924528)
(0, 0.05, 7.002844950213372, 123.77667140825035)
(1, 0.05, 9.516358463726885, 227.78093883357042)
(2, 0.05, 11.507122507122507, 336.3333333333333)
(3, 0.05, 3.6405135520684735, 45.631954350927245)
(4, 0.05, 6.576923076923077, 110.95868945868946)
(0, 0.05, 7.335195530726257, 128.1340782122905)
(1, 0.05, 9.818941504178273, 238.42061281337047)
(2, 0.05, 13.198601398601399, 409.12307692307695)
(3, 0.05, 3.4713286713286715, 41.61118881118881)
(4, 0.05, 6.385474860335195, 102.98324022346368)
(0, 0.05, 6.812411847672778, 115.05782792665727)
(1, 0.05, 10.245786516853933, 253.7626404494382)
(2, 0.05, 12.660084626234132, 389.41043723554304)
(3, 0.05, 3.791255289139633, 46.976022566995766)
(4, 0.05, 6.327221438645981, 96.25669957686883)
(0, 0.05, 7.144204851752021, 122.60512129380054)
(1, 0.05, 8.96221322537112, 212.32793522267207)
(2, 0.05, 11.56199460916442, 348.4568733153639)
(3, 0.05, 3.8207547169811322, 46.413746630727765)
(4, 0.05, 6.5889487870619945, 101.91239892183289)
(0, 0.05, 6.337094499294781, 103.44287729196051)
(1, 0.05, 9.768361581920903, 232.5084745762712)
(2, 0.05, 11.840395480225988, 366.69350282485874)
(3, 0.05, 3.559943582510578, 44.54160789844852)
(4, 0.05, 5.809052333804809, 83.47524752475248)
(0, 0.05, 7.304469273743017, 128.8854748603352)
(1, 0.05, 10.103351955307263, 248.69553072625698)
(2, 0.05, 11.864335664335664, 353.4727272727273)
(3, 0.05, 3.6517482517482516, 48.41258741258741)
(4, 0.05, 7.33983286908078, 137.74930362116993)
(0, 0.05, 8.200545702592088, 146.075034106412)
(1, 0.05, 9.830832196452933, 234.79399727148703)
(2, 0.05, 12.1448087431694, 362.24863387978144)
(3, 0.05, 4.140710382513661, 56.14617486338798)
(4, 0.05, 7.306957708049113, 133.24420190995906)
(0, 0.05, 7.19549929676512, 125.13361462728551)
(1, 0.05, 9.730715287517532, 237.80925666199158)
(2, 0.05, 12.496473906911142, 388.361071932299)
(3, 0.05, 3.7517630465444287, 47.38787023977433)
(4, 0.05, 7.0647887323943666, 119.85070422535212)
(0, 0.05, 7.14978601997147, 124.55634807417974)
(1, 0.05, 10.095441595441596, 241.92735042735043)
(2, 0.05, 13.081428571428571, 403.94714285714286)
(3, 0.05, 3.892857142857143, 48.464285714285715)
(4, 0.05, 5.831428571428572, 82.68285714285715)
(0, 0.05, 7.183355006501951, 125.31599479843953)
(1, 0.05, 9.848641655886158, 234.41267787839587)
(2, 0.05, 12.72265625, 387.04296875)
(3, 0.05, 4.104031209362809, 50.86085825747724)
(4, 0.05, 5.907792207792208, 81.19090909090909)
(0, 0.05, 7.181818181818182, 126.06951871657753)
(1, 0.05, 9.997322623828648, 243.84203480589022)
(2, 0.05, 13.120643431635388, 402.15549597855227)
(3, 0.05, 3.5737265415549597, 43.26809651474531)
(4, 0.05, 5.835341365461847, 85.22222222222223)
(0, 0.05, 6.818673883626523, 115.85791610284168)
(1, 0.05, 9.113821138211382, 217.53658536585365)
(2, 0.05, 12.177506775067751, 374.4512195121951)
(3, 0.05, 3.5994587280108252, 41.60487144790257)
(4, 0.05, 6.4382632293080055, 104.45183175033921)
(0, 0.1, 8.276637988087359, 160.04765056254135)
(1, 0.1, 11.141909814323608, 282.59946949602124)
(2, 0.1, 14.1610337972167, 452.3426110006627)
(3, 0.1, 6.213527851458886, 90.6684350132626)
(4, 0.1, 11.51559389515594, 307.1240875912409)
(0, 0.1, 7.817862165963432, 137.4662447257384)
(1, 0.1, 10.701618578465869, 265.8149190710767)
(2, 0.1, 13.774647887323944, 430.2267605633803)
(3, 0.1, 5.6976744186046515, 82.5292459478506)
(4, 0.1, 11.061138439915672, 285.62052002810964)
(0, 0.1, 7.915041782729805, 145.09470752089138)
(1, 0.1, 10.834261838440112, 271.24373259052925)
(2, 0.1, 13.976987447698745, 452.9937238493724)
(3, 0.1, 5.7472067039106145, 83.11173184357541)
(4, 0.1, 8.59538784067086, 179.32914046121593)
(0, 0.1, 8.406447091800981, 165.9593552908199)
(1, 0.1, 11.052594670406732, 271.9263674614306)
(2, 0.1, 14.405746320953048, 459.60686755430976)
(3, 0.1, 5.935483870967742, 83.4249649368864)
(4, 0.1, 9.572529782761038, 222.0812894183602)
(0, 0.1, 8.276988636363637, 155.7215909090909)
(1, 0.1, 10.860580325548478, 266.21656050955414)
(2, 0.1, 13.711142654364798, 433.6415897799858)
(3, 0.1, 5.548754448398577, 80.59928825622775)
(4, 0.1, 10.987900355871886, 294.06405693950177)
(0, 0.1, 8.280193236714975, 153.3167701863354)
(1, 0.1, 10.878266850068776, 272.7090784044016)
(2, 0.1, 14.123448275862069, 449.96758620689656)
(3, 0.1, 6.115570934256056, 93.63529411764706)
(4, 0.1, 9.832066344160332, 236.88389771941948)
(0, 0.1, 8.059106529209622, 151.1958762886598)
(1, 0.1, 10.928275862068965, 268.2096551724138)
(2, 0.1, 14.361379310344828, 461.5586206896552)
(3, 0.1, 5.720192970365265, 83.93521709166092)
(4, 0.1, 8.429655172413794, 163.1358620689655)
(0, 0.1, 8.268410185822436, 153.9972470750172)
(1, 0.1, 11.294520547945206, 287.9972602739726)
(2, 0.1, 13.607950651130912, 426.9938313913639)
(3, 0.1, 5.604955264969029, 80.04404679972471)
(4, 0.1, 9.594780219780219, 218.5)
(0, 0.1, 8.905866302864938, 184.20736698499317)
(1, 0.1, 11.621492128678987, 297.98836413415466)
(2, 0.1, 14.852257181942544, 480.63201094391246)
(3, 0.1, 5.7710760795065115, 85.17066483893078)
(4, 0.1, 10.103754266211604, 252.74402730375428)
(0, 0.1, 8.273858921161827, 156.417704011065)
(1, 0.1, 11.598490048043926, 319.1853122855182)
(2, 0.1, 14.592694693314956, 484.95933838731906)
(3, 0.1, 6.417529330572809, 108.93788819875776)
(4, 0.1, 10.787836903939185, 307.4637180373186)
(0, 0.1, 7.631503920171062, 136.7320028510335)
(1, 0.1, 10.97644539614561, 270.89650249821557)
(2, 0.1, 14.43142857142857, 457.7914285714286)
(3, 0.1, 5.56397426733381, 77.5482487491065)
(4, 0.1, 10.39514978601997, 252.13837375178318)
(0, 0.1, 7.960027100271002, 148.93563685636857)
(1, 0.1, 11.031144211238997, 289.60663507109007)
(2, 0.1, 14.291525423728814, 460.3050847457627)
(3, 0.1, 5.998641304347826, 92.9429347826087)
(4, 0.1, 10.355013550135501, 255.90243902439025)
(0, 0.1, 8.447889182058047, 161.31992084432719)
(1, 0.1, 10.549407114624506, 259.2002635046113)
(2, 0.1, 13.565389696169088, 422.7344782034346)
(3, 0.1, 5.7871777924653, 80.52346331791144)
(4, 0.1, 10.57849604221636, 263.6075197889182)
(0, 0.1, 8.528390113560453, 169.28456913827657)
(1, 0.1, 10.948529411764707, 271.5982620320856)
(2, 0.1, 13.63059452237809, 432.6940547762191)
(3, 0.1, 5.601206434316354, 82.89343163538874)
(4, 0.1, 9.25, 229.27807486631016)
(0, 0.1, 8.543823326432022, 160.3671497584541)
(1, 0.1, 10.662758620689655, 263.3993103448276)
(2, 0.1, 14.263121546961326, 460.14295580110496)
(3, 0.1, 5.657912923289564, 79.9039391845197)
(4, 0.1, 10.954451345755693, 276.7432712215321)
(0, 0.1, 8.375857338820301, 153.82030178326474)
(1, 0.1, 11.245901639344263, 289.724043715847)
(2, 0.1, 14.363449691991786, 462.3305954825462)
(3, 0.1, 6.150102810143935, 88.95613433858807)
(4, 0.1, 10.060315284441398, 238.2467443454421)
(0, 0.1, 8.220788043478262, 155.74116847826087)
(1, 0.1, 11.276610169491525, 281.08542372881357)
(2, 0.1, 13.012211668928087, 407.30393487109905)
(3, 0.1, 5.838885112168593, 90.07953772943576)
(4, 0.1, 8.832087015635622, 179.38545207341943)
(0, 0.1, 8.184338184338184, 149.33749133749134)
(1, 0.1, 10.881578947368421, 278.5851800554017)
(2, 0.1, 14.679611650485437, 475.2746185852982)
(3, 0.1, 5.591950034698126, 78.8174878556558)
(4, 0.1, 9.011789181692095, 180.44452149791957)
(0, 0.1, 8.09527027027027, 157.13851351351352)
(1, 0.1, 11.170945945945945, 286.9222972972973)
(2, 0.1, 14.21974306964165, 451.70317782285326)
(3, 0.1, 5.7711577522004065, 84.48070412999323)
(4, 0.1, 10.833671399594321, 279.9317106152806)
(0, 0.1, 8.021231422505307, 146.64685067232838)
(1, 0.1, 11.25035360678925, 282.6902404526167)
(2, 0.1, 13.943382873319178, 437.92639773531494)
(3, 0.1, 5.524752475247524, 78.92786421499292)
(4, 0.1, 9.550530035335688, 218.0975265017668)
(0, 0.1, 8.335669236159776, 166.833216538192)
(1, 0.1, 11.510518934081347, 295.1444600280505)
(2, 0.1, 14.17296918767507, 453.5707282913165)
(3, 0.1, 6.134642356241234, 98.50350631136045)
(4, 0.1, 9.652173913043478, 229.13323983169707)
(0, 0.1, 8.228238519533928, 148.80945853324195)
(1, 0.1, 11.343150684931507, 284.9075342465753)
(2, 0.1, 13.762328767123288, 442.38698630136986)
(3, 0.1, 5.635802469135802, 79.46707818930041)
(4, 0.1, 9.681069958847736, 216.56447187928669)
(0, 0.1, 8.120165745856353, 148.34254143646407)
(1, 0.1, 10.908275862068965, 277.7358620689655)
(2, 0.1, 14.027643400138217, 442.7159640635798)
(3, 0.1, 5.554016620498615, 79.21606648199446)
(4, 0.1, 11.009695290858726, 279.9501385041551)
(0, 0.1, 8.184154175588866, 157.88436830835118)
(1, 0.1, 11.017818959372773, 271.4953670705631)
(2, 0.1, 13.363701067615658, 422.19501779359433)
(3, 0.1, 5.455650929899857, 74.70028612303291)
(4, 0.1, 10.503221188260559, 268.52326413743737)
(0, 0.1, 8.091295116772823, 148.85845718329796)
(1, 0.1, 11.304163726182075, 284.1086803105152)
(2, 0.1, 13.048056537102473, 407.36325088339225)
(3, 0.1, 6.109065155807365, 94.60906515580737)
(4, 0.1, 11.793370944992947, 329.1981664315938)
(0, 0.1, 7.941216678058783, 146.90362269309637)
(1, 0.1, 10.443003412969283, 262.27098976109215)
(2, 0.1, 12.60328317373461, 390.6990424076607)
(3, 0.1, 5.877564979480164, 89.50957592339262)
(4, 0.1, 9.766552901023891, 219.11672354948806)
(0, 0.1, 7.905024088093599, 143.2388162422574)
(1, 0.1, 10.81636863823934, 265.24828060522697)
(2, 0.1, 14.205922865013774, 455.18388429752065)
(3, 0.1, 5.874482758620689, 83.01655172413793)
(4, 0.1, 10.360441075120606, 247.85320468642317)
(0, 0.1, 8.190443686006827, 153.02047781569965)
(1, 0.1, 11.252559726962458, 282.8716723549488)
(2, 0.1, 13.65595075239398, 426.8871409028728)
(3, 0.1, 5.922708618331053, 86.1812585499316)
(4, 0.1, 9.007518796992482, 184.83253588516746)
(0, 0.1, 8.109154929577464, 147.4105633802817)
(1, 0.1, 10.91164095371669, 265.27629733520337)
(2, 0.1, 13.498245614035088, 421.74666666666667)
(3, 0.1, 5.635850388143966, 83.67960479887086)
(4, 0.1, 9.484121383203952, 219.863796753705)
(0, 0.1, 8.391820580474935, 160.69656992084433)
(1, 0.1, 10.444005270092227, 262.7009222661397)
(2, 0.1, 13.77014531043593, 441.338177014531)
(3, 0.1, 6.0277594183740915, 92.26173165895571)
(4, 0.1, 9.629458388375165, 217.501321003963)
(0, 0.1, 8.104643104643104, 145.31600831600832)
(1, 0.1, 11.159500693481275, 280.4715672676838)
(2, 0.1, 13.57986111111111, 432.56458333333336)
(3, 0.1, 5.781944444444444, 83.93611111111112)
(4, 0.1, 25.78001387925052, 3523.799444829979)
(0, 0.1, 8.417941585535466, 154.66689847009735)
(1, 0.1, 11.329846582984658, 285.5376569037657)
(2, 0.1, 13.818497913769123, 439.32058414464535)
(3, 0.1, 5.910041841004184, 92.31589958158996)
(4, 0.1, 10.559416261292565, 275.1626129256428)
(0, 0.1, 8.118110236220472, 149.03722261989978)
(1, 0.1, 11.564781675017896, 292.22906227630637)
(2, 0.1, 14.619899785254116, 475.780959198282)
(3, 0.1, 5.755747126436781, 83.09913793103448)
(4, 0.1, 8.172389127324749, 151.12660944206007)
(0, 0.1, 8.25327812284334, 157.1007591442374)
(1, 0.1, 10.696613683483069, 262.76986869384933)
(2, 0.1, 14.473756906077348, 462.70303867403317)
(3, 0.1, 6.132179930795847, 93.66159169550173)
(4, 0.1, 8.67219917012448, 161.94744121715075)
(0, 0.1, 7.5847871598046055, 133.47034193998604)
(1, 0.1, 11.02510460251046, 277.64714086471406)
(2, 0.1, 13.41958041958042, 414.14965034965036)
(3, 0.1, 5.623776223776224, 79.92587412587413)
(4, 0.1, 7.514325646401118, 133.99091544374562)
(0, 0.1, 7.579591836734694, 141.1034013605442)
(1, 0.1, 10.583673469387755, 260.94421768707485)
(2, 0.1, 13.748127978216473, 424.9639210347175)
(3, 0.1, 5.749829584185412, 87.57532379004772)
(4, 0.1, 8.762942779291553, 191.6566757493188)
(0, 0.1, 8.203626220362622, 154.95536959553695)
(1, 0.1, 10.720979020979021, 266.2818181818182)
(2, 0.1, 13.928072625698324, 442.19064245810057)
(3, 0.1, 6.006302521008403, 92.56792717086834)
(4, 0.1, 9.208798882681565, 214.6655027932961)
(0, 0.1, 8.303547066848568, 160.51364256480218)
(1, 0.1, 11.710184552289816, 297.0676691729323)
(2, 0.1, 15.026621160409556, 494.2293515358362)
(3, 0.1, 6.262116040955632, 98.46279863481229)
(4, 0.1, 8.780287474332649, 178.90485968514716)
(0, 0.1, 8.712550607287449, 169.76923076923077)
(1, 0.1, 11.274443695212407, 278.2805124747134)
(2, 0.1, 14.296296296296296, 452.87811447811447)
(3, 0.1, 5.4732927653820145, 75.23394185260311)
(4, 0.1, 9.452702702702704, 206.50135135135136)
(0, 0.1, 8.667997338656022, 164.57351962741186)
(1, 0.1, 11.317365269461078, 285.55954757152364)
(2, 0.1, 14.627073656270737, 477.63304578633046)
(3, 0.1, 5.768, 85.18133333333333)
(4, 0.1, 9.435129740518962, 200.49168330006654)
(0, 0.1, 8.164934164934165, 150.64864864864865)
(1, 0.1, 10.814098134070491, 265.426399447132)
(2, 0.1, 14.123789764868603, 450.9094052558783)
(3, 0.1, 5.615544760582929, 77.22137404580153)
(4, 0.1, 7.476124567474049, 127.26989619377163)
(0, 0.1, 7.70961145194274, 138.13905930470347)
(1, 0.1, 11.125255275697754, 278.76174268209667)
(2, 0.1, 14.23055934515689, 455.0245566166439)
(3, 0.1, 5.6896787423103214, 84.09842788790158)
(4, 0.1, 8.006830601092895, 153.827868852459)
(0, 0.1, 7.673654786862334, 136.00908455625438)
(1, 0.1, 11.048319327731093, 270.343837535014)
(2, 0.1, 14.646358543417367, 471.0595238095238)
(3, 0.1, 5.836019621583742, 85.61457603363701)
(4, 0.1, 8.721598877980364, 178.3779803646564)
(0, 0.1, 7.976256983240224, 146.47346368715083)
(1, 0.1, 11.037062937062936, 275.96993006993006)
(2, 0.1, 13.566130160951715, 434.11056682995104)
(3, 0.1, 5.578321678321679, 78.84825174825176)
(4, 0.1, 8.71946964410328, 182.2212142358688)
(0, 0.1, 8.863354037267081, 173.1711525189786)
(1, 0.1, 11.179628355127322, 283.5746730901583)
(2, 0.1, 14.21448275862069, 452.5951724137931)
(3, 0.1, 6.180124223602484, 93.72049689440993)
(4, 0.1, 9.673328738800826, 210.2605099931082)
(0, 0.1, 7.72234273318872, 143.00939985538685)
(1, 0.1, 10.810830324909748, 265.3119133574007)
(2, 0.1, 13.092686459087618, 403.4475018102824)
(3, 0.1, 5.712527154236061, 80.210716871832)
(4, 0.1, 9.65412445730825, 236.8176555716353)
(0, 0.1, 8.035112359550562, 150.38342696629215)
(1, 0.1, 10.711876317638792, 263.85734364019675)
(2, 0.1, 13.585091420534459, 436.789029535865)
(3, 0.1, 5.308937368050668, 74.58409570724842)
(4, 0.1, 10.422050561797754, 244.9192415730337)
(0, 0.1, 8.288501742160278, 155.88292682926829)
(1, 0.1, 10.549825783972125, 258.24181184668987)
(2, 0.1, 13.538675958188154, 432.1337979094077)
(3, 0.1, 5.804181184668989, 82.38118466898955)
(4, 0.1, 10.099790648988137, 242.22540125610607)
(0, 0.1, 8.214783821478383, 154.05997210599722)
(1, 0.1, 11.648290300069783, 301.2142358688067)
(2, 0.1, 14.701607267645004, 476.73095737246683)
(3, 0.1, 5.949720670391062, 84.90223463687151)
(4, 0.1, 9.649650349650349, 220.4132867132867)
(0, 0.1, 8.550877192982457, 160.18877192982455)
(1, 0.1, 11.406030855539973, 288.4481065918654)
(2, 0.1, 13.70956399437412, 430.5168776371308)
(3, 0.1, 5.792399718508093, 83.46023926812104)
(4, 0.1, 8.725352112676056, 176.0338028169014)
(0, 0.15, 11.913925191527715, 345.74898602974315)
(1, 0.15, 15.16981981981982, 509.57252252252255)
(2, 0.15, 17.04776926543488, 618.968454258675)
(3, 0.15, 10.06131650135257, 250.87826871055003)
(4, 0.15, 23.882988298829883, 1797.4068406840684)
(0, 0.15, 11.19067405355494, 296.629270544783)
(1, 0.15, 13.793643482266237, 418.3832335329341)
(2, 0.15, 17.55069124423963, 652.7460829493087)
(3, 0.15, 9.632794457274827, 219.3390300230947)
(4, 0.15, 40.49792722247812, 6145.644864117918)
(0, 0.15, 13.170164233576642, 456.3471715328467)
(1, 0.15, 16.86118721461187, 668.5744292237443)
(2, 0.15, 18.23596531264263, 728.5992697398448)
(3, 0.15, 10.670776255707763, 310.7109589041096)
(4, 0.15, 46.309762773722625, 7353.397354014599)
(0, 0.15, 14.1619812583668, 548.3833110218652)
(1, 0.15, 17.761054041983027, 777.8092898615454)
(2, 0.15, 20.39223560910308, 962.0084783578759)
(3, 0.15, 10.972719141323793, 299.7875670840787)
(4, 0.15, 16.95367483296214, 742.2890868596882)
(0, 0.15, 14.28007431490943, 737.1003251277288)
(1, 0.15, 15.403525046382189, 603.5797773654916)
(2, 0.15, 19.708449396471682, 905.3686165273909)
(3, 0.15, 9.7932156133829, 233.22165427509293)
(4, 0.15, 17.04644681839294, 660.8671620993962)
(0, 0.15, 11.555913483663138, 292.34560515416473)
(1, 0.15, 14.546623794212218, 442.0211299954065)
(2, 0.15, 16.55954022988506, 589.8873563218391)
(3, 0.15, 9.267372296364472, 202.51541647491948)
(4, 0.15, 24.10335323840147, 2162.7363344051446)
(0, 0.15, 10.772988505747126, 258.42337164750955)
(1, 0.15, 14.174246050741981, 422.426041168023)
(2, 0.15, 16.83477011494253, 618.8472222222222)
(3, 0.15, 8.53698366954851, 177.59654178674353)
(4, 0.15, 15.113505747126437, 496.2476053639847)
(0, 0.15, 10.957990867579909, 294.9497716894977)
(1, 0.15, 14.028271773825809, 429.16279069767444)
(2, 0.15, 17.394436844505243, 666.8308253533971)
(3, 0.15, 8.416819012797076, 153.63528336380256)
(4, 0.15, 15.413023679417122, 479.2399817850638)
(0, 0.15, 11.728177295341474, 317.5065581184984)
(1, 0.15, 15.656433408577879, 546.2243792325056)
(2, 0.15, 17.655996393146978, 643.8453561767358)
(3, 0.15, 9.964188576609248, 245.50453309156845)
(4, 0.15, 15.624321880650994, 528.494122965642)
(0, 0.15, 11.507699486700886, 313.32384507699487)
(1, 0.15, 13.40428504890545, 390.0116441546344)
(2, 0.15, 16.68954248366013, 588.9033613445379)
(3, 0.15, 8.7725361980383, 189.34796823914058)
(4, 0.15, 15.05824790307549, 496.48322460391427)
(0, 0.15, 16.167420814479637, 783.0859728506788)
(1, 0.15, 16.900407424173835, 755.7569035762789)
(2, 0.15, 19.43820733363513, 813.8474422815754)
(3, 0.15, 10.687641466727026, 276.78089633318245)
(4, 0.15, 18.299233889139252, 793.0175754844524)
(0, 0.15, 12.200089928057555, 381.83228417266184)
(1, 0.15, 14.94710891976692, 497.634692962797)
(2, 0.15, 17.932523616734144, 664.464237516869)
(3, 0.15, 10.05808194506979, 239.40252138676271)
(4, 0.15, 38.342666666666666, 5164.941777777778)
(0, 0.15, 12.400094029149036, 421.06111894687353)
(1, 0.15, 15.53690644099671, 577.3159379407616)
(2, 0.15, 16.9596054485674, 615.687646782527)
(3, 0.15, 9.27435294117647, 215.05035294117647)
(4, 0.15, 13.346516007532957, 388.98964218455745)
(0, 0.15, 11.776420854861437, 345.77829967120715)
(1, 0.15, 14.232503522780648, 449.83043682480036)
(2, 0.15, 16.617011278195488, 613.1687030075188)
(3, 0.15, 9.339604891815616, 204.62182502351834)
(4, 0.15, 14.768905589478628, 525.927195866604)
(0, 0.15, 11.607060981201284, 311.00733608436497)
(1, 0.15, 14.558608058608058, 456.2985347985348)
(2, 0.15, 17.24587912087912, 646.4033882783883)
(3, 0.15, 9.764246323529411, 222.97104779411765)
(4, 0.15, 21.228021978021978, 1450.392857142857)
(0, 0.15, 13.782115297321834, 536.4793463458919)
(1, 0.15, 16.589221014492754, 637.8066123188406)
(2, 0.15, 18.943259192010895, 753.994552882433)
(3, 0.15, 10.552930486142662, 268.23307587460243)
(4, 0.15, 16.270417422867514, 602.0807622504537)
(0, 0.15, 11.676735798016232, 340.05184851217314)
(1, 0.15, 14.79395852119026, 481.5658250676285)
(2, 0.15, 17.941734417344172, 717.1910569105692)
(3, 0.15, 9.600271002710027, 237.1991869918699)
(4, 0.15, 16.18214607754734, 582.4274120829576)
(0, 0.15, 11.347114947751022, 304.4847796456156)
(1, 0.15, 14.80399274047187, 518.3729582577132)
(2, 0.15, 17.308529945553538, 693.8448275862069)
(3, 0.15, 9.048225659690628, 181.25204731574158)
(4, 0.15, 16.05401724920563, 568.7485247389923)
(0, 0.15, 12.074327405380757, 341.02371181030554)
(1, 0.15, 15.389521640091116, 551.7066059225513)
(2, 0.15, 17.278688524590162, 627.4635701275046)
(3, 0.15, 9.389776357827476, 198.53902327704245)
(4, 0.15, 15.079379562043796, 509.56569343065695)
(0, 0.15, 13.812416257257704, 468.62706565430994)
(1, 0.15, 15.472135532768613, 497.6709763709318)
(2, 0.15, 18.69295900178253, 721.8658645276292)
(3, 0.15, 11.5283608753908, 329.616793211255)
(4, 0.15, 18.391614629794827, 837.9589652096342)
(0, 0.15, 13.019972764412165, 507.9795733091239)
(1, 0.15, 14.452067242162654, 484.24943207632896)
(2, 0.15, 17.38964577656676, 626.5258855585831)
(3, 0.15, 9.779391738538356, 223.22015433499774)
(4, 0.15, 14.933726736268724, 449.66273263731273)
(0, 0.15, 11.308450704225352, 291.6154929577465)
(1, 0.15, 13.709934395501406, 409.7136832239925)
(2, 0.15, 16.706766917293233, 589.0075187969925)
(3, 0.15, 9.179595674659144, 197.17395392571697)
(4, 0.15, 15.369779446269357, 514.6855936180197)
(0, 0.15, 13.463458919655016, 498.98411257376307)
(1, 0.15, 14.831281349749203, 493.44322845417236)
(2, 0.15, 18.27012278308322, 748.4511141427922)
(3, 0.15, 10.355808656036446, 283.5904328018223)
(4, 0.15, 21.80316742081448, 1432.2466063348415)
(0, 0.15, 10.915035799522673, 268.75942720763726)
(1, 0.15, 13.68142857142857, 407.27)
(2, 0.15, 17.098141972367795, 623.6793711291091)
(3, 0.15, 8.62129894937918, 172.94412607449857)
(4, 0.15, 16.602843601895735, 617.0464454976303)
(0, 0.15, 10.659905660377358, 258.9882075471698)
(1, 0.15, 14.945907808090311, 488.9063969896519)
(2, 0.15, 17.292568203198496, 636.1420507996237)
(3, 0.15, 8.805752003771806, 179.82036775106081)
(4, 0.15, 37.04082590333177, 5590.320976067574)
(0, 0.15, 11.115908024401689, 288.1726888784608)
(1, 0.15, 14.71984983575786, 469.4218676677616)
(2, 0.15, 17.30065666041276, 646.843808630394)
(3, 0.15, 9.333333333333334, 217.17276995305164)
(4, 0.15, 26.686679174484052, 3312.826454033771)
(0, 0.15, 12.995955056179776, 438.98426966292135)
(1, 0.15, 15.20756416028816, 526.8509680324179)
(2, 0.15, 19.468581687612208, 818.4308797127469)
(3, 0.15, 10.25078793336335, 263.58892390814947)
(4, 0.15, 18.554905490549054, 923.0652565256526)
(0, 0.15, 12.209633027522935, 413.26284403669723)
(1, 0.15, 14.680109990834097, 461.6975252062328)
(2, 0.15, 18.06155259531465, 742.3004134129536)
(3, 0.15, 10.060146923783288, 247.84802571166207)
(4, 0.15, 15.279890059551077, 548.0338983050848)
(0, 0.15, 12.031148303114831, 360.6234309623431)
(1, 0.15, 13.910357640501626, 444.17324663260564)
(2, 0.15, 17.31539888682746, 637.0510204081633)
(3, 0.15, 10.1628664495114, 256.19357840856213)
(4, 0.15, 14.22279069767442, 500.0860465116279)
(0, 0.15, 12.351289134438305, 371.74907918968694)
(1, 0.15, 15.152253909843607, 517.040018399264)
(2, 0.15, 18.134314627414902, 689.3210671573137)
(3, 0.15, 10.150299677270631, 241.1987090825265)
(4, 0.15, 15.068933823529411, 471.6553308823529)
(0, 0.15, 12.378268710550046, 388.6893597835888)
(1, 0.15, 15.588314606741573, 600.4844943820225)
(2, 0.15, 17.784684684684684, 669.2495495495496)
(3, 0.15, 9.995038340099233, 239.7343256653135)
(4, 0.15, 15.429919137466307, 526.9977538185085)
(0, 0.15, 13.935600907029478, 519.804081632653)
(1, 0.15, 15.927503398278205, 603.5070231082918)
(2, 0.15, 18.534873188405797, 721.9207427536232)
(3, 0.15, 10.435374149659864, 261.7197278911565)
(4, 0.15, 34.828429153463105, 5380.749660479855)
(0, 0.15, 11.658547586829048, 310.5678845286423)
(1, 0.15, 15.036936936936938, 502.6063063063063)
(2, 0.15, 17.570527264533574, 680.6611086074809)
(3, 0.15, 9.562584726615453, 216.38951649344781)
(4, 0.15, 14.85321927059883, 472.66051328230526)
(0, 0.15, 11.472753346080307, 302.62858508604205)
(1, 0.15, 14.197034911525586, 434.7977044476327)
(2, 0.15, 17.38785270205643, 660.6417981826877)
(3, 0.15, 9.204882719004308, 189.26807084729535)
(4, 0.15, 13.780966044954567, 405.06456241033)
(0, 0.15, 11.271599264705882, 304.95909926470586)
(1, 0.15, 14.191831115190455, 463.08214777420835)
(2, 0.15, 17.0330426801285, 636.6879302432309)
(3, 0.15, 9.751495628163829, 245.6493327197423)
(4, 0.15, 13.671867829279487, 406.12528682882055)
(0, 0.15, 15.426796805678793, 643.1597160603371)
(1, 0.15, 16.665037760995112, 696.51665926255)
(2, 0.15, 20.820842572062084, 999.0070953436807)
(3, 0.15, 11.896843041351712, 344.4846598488217)
(4, 0.15, 19.932859048465986, 1054.5615829257447)
(0, 0.15, 10.473709142586452, 245.85883467550923)
(1, 0.15, 14.306489815253434, 446.2610137375651)
(2, 0.15, 17.063950734249172, 628.7513027001421)
(3, 0.15, 8.508064516129032, 160.40370018975332)
(4, 0.15, 13.568998109640832, 431.8015122873346)
(0, 0.15, 11.987901349464867, 327.422056770591)
(1, 0.15, 14.645939675174015, 494.5020881670534)
(2, 0.15, 17.711959050721266, 671.957654723127)
(3, 0.15, 9.256983240223464, 213.23370577281193)
(4, 0.15, 16.91387337057728, 821.0423649906891)
(0, 0.15, 11.802661771454796, 337.50986691142725)
(1, 0.15, 14.392579019697664, 468.72240036646815)
(2, 0.15, 18.145871559633026, 709.5275229357799)
(3, 0.15, 9.646005509641872, 228.30257116620754)
(4, 0.15, 15.689591930307198, 594.1178358551124)
(0, 0.15, 13.47538048343778, 513.579230080573)
(1, 0.15, 16.29209468512729, 631.641804376954)
(2, 0.15, 19.270982142857143, 785.340625)
(3, 0.15, 10.6152466367713, 272.00896860986546)
(4, 0.15, 15.641163310961968, 572.4563758389262)
(0, 0.15, 12.72936400541272, 395.4032476319351)
(1, 0.15, 15.907983761840324, 614.2534957149301)
(2, 0.15, 18.711321605773566, 745.3987370320252)
(3, 0.15, 10.212189616252822, 248.87133182844244)
(4, 0.15, 16.277628032345014, 549.2039532794249)
(0, 0.15, 11.791519434628976, 329.43904593639576)
(1, 0.15, 14.241181657848324, 435.9775132275132)
(2, 0.15, 18.098056537102472, 694.9779151943463)
(3, 0.15, 9.582597173144876, 209.3237632508834)
(4, 0.15, 15.268432671081678, 495.92715231788077)
(0, 0.15, 12.042975970425138, 371.42929759704253)
(1, 0.15, 14.287032764190124, 433.34840793724044)
(2, 0.15, 17.107933579335793, 631.5618081180812)
(3, 0.15, 9.410078594544615, 213.11604253351825)
(4, 0.15, 15.610239852398523, 533.4792435424354)
(0, 0.15, 14.584184806752555, 566.011994669036)
(1, 0.15, 17.108792184724688, 662.2411190053286)
(2, 0.15, 19.34398579671549, 800.4216600088771)
(3, 0.15, 11.410769915442813, 312.9399198931909)
(4, 0.15, 20.627555555555556, 1261.8026666666667)
(0, 0.15, 12.652980132450331, 425.78763796909493)
(1, 0.15, 13.823321554770319, 408.9160777385159)
(2, 0.15, 17.284010600706715, 646.1559187279152)
(3, 0.15, 9.864399293286219, 254.49867491166077)
(4, 0.15, 14.490048651039363, 463.8310482087572)
(0, 0.15, 13.188770999115826, 423.22855879752433)
(1, 0.15, 14.982316534040672, 505.09902740937224)
(2, 0.15, 18.301727957465662, 718.0172795746566)
(3, 0.15, 10.677147918511958, 255.314880425155)
(4, 0.15, 15.72340425531915, 501.790780141844)
(0, 0.15, 13.396062271062272, 483.60393772893775)
(1, 0.15, 15.393053016453383, 497.13162705667276)
(2, 0.15, 17.460237659963436, 646.6430530164533)
(3, 0.15, 10.139066788655077, 252.871912168344)
(4, 0.15, 14.763254113345521, 454.6234003656307)
(0, 0.15, 12.603755868544601, 382.47699530516434)
(1, 0.15, 13.687734082397004, 428.1718164794008)
(2, 0.15, 17.661040787623065, 666.2667604313174)
(3, 0.15, 9.523474178403756, 214.44553990610328)
(4, 0.15, 15.629976580796253, 505.49976580796255)
(0, 0.15, 11.283348666053358, 293.93376264949404)
(1, 0.15, 14.272727272727273, 444.82736455463726)
(2, 0.15, 19.025240936209272, 785.4346030289123)
(3, 0.15, 9.757938334100322, 233.04003681546249)
(4, 0.15, 26.8921028466483, 2632.6744719926537)
(0, 0.15, 11.888025594149909, 322.2838208409506)
(1, 0.15, 14.132420091324201, 438.06575342465754)
(2, 0.15, 17.705426356589147, 669.5075239398085)
(3, 0.15, 10.346294602012808, 254.31610247026532)
(4, 0.15, 33.86548107615139, 5149.450524395805)
(0, 0.2, 41.272696361781705, 5710.640258415505)
(1, 0.2, 43.91032148900169, 5847.185448392555)
(2, 0.2, 53.209993247805535, 7961.8595543551655)
(3, 0.2, 42.509164969450104, 5032.33061778683)
(4, 0.2, 48.682571912013536, 6420.143824027073)
(0, 0.2, 37.145172413793105, 3958.1231034482757)
(1, 0.2, 39.37750865051903, 3976.981660899654)
(2, 0.2, 43.90344827586207, 4668.666896551724)
(3, 0.2, 37.035961272475795, 3814.0954356846473)
(4, 0.2, 48.99657416923604, 7893.069886947585)
(0, 0.2, 42.39718687206966, 5252.453449430676)
(1, 0.2, 43.39526350900601, 5801.153102068045)
(2, 0.2, 48.73046092184369, 6154.686372745491)
(3, 0.2, 42.87592468056489, 4614.202084734365)
(4, 0.2, 49.61787262420807, 7189.547182394132)
(0, 0.2, 35.49561403508772, 3640.552968960864)
(1, 0.2, 39.2122641509434, 5085.017520215633)
(2, 0.2, 44.321680672268904, 4908.161680672269)
(3, 0.2, 36.813827993254634, 3675.3844856661044)
(4, 0.2, 48.339159663865544, 7191.40537815126)
(0, 0.2, 38.48126301179736, 4268.880291464261)
(1, 0.2, 40.729729729729726, 4371.610533610534)
(2, 0.2, 46.37085635359116, 5501.620856353591)
(3, 0.2, 35.795762417506076, 3365.3171240013894)
(4, 0.2, 48.49537512846865, 7870.07605344296)
(0, 0.2, 37.97765741367637, 4264.09952606635)
(1, 0.2, 43.193231810490694, 5184.772250423011)
(2, 0.2, 45.76839237057221, 5668.232288828338)
(3, 0.2, 39.02077656675749, 4738.744891008175)
(4, 0.2, 38.78619986403807, 5693.735893949694)
(0, 0.2, 41.46470588235294, 5183.455555555555)
(1, 0.2, 46.403131115459885, 5468.686236138291)
(2, 0.2, 45.87365678931944, 5784.464995115598)
(3, 0.2, 42.013385569702905, 5033.658178256611)
(4, 0.2, 47.57918699186992, 6733.103089430894)
(0, 0.2, 34.795493934142115, 3202.736568457539)
(1, 0.2, 41.7720207253886, 4582.880138169257)
(2, 0.2, 45.54023383768914, 5007.90818431912)
(3, 0.2, 36.606970324361626, 3526.882332643202)
(4, 0.2, 41.285272914521116, 4834.913834534844)
(0, 0.2, 40.777212614445574, 5162.082739911834)
(1, 0.2, 46.53387259858443, 5844.196157735086)
(2, 0.2, 44.423608768971334, 4380.907251264755)
(3, 0.2, 39.904016337644656, 3740.9074200136147)
(4, 0.2, 39.496288798920375, 5417.6973684210525)
(0, 0.2, 40.0328317373461, 4338.303009575923)
(1, 0.2, 42.495544893762855, 4592.459904043865)
(2, 0.2, 46.237057220708444, 5479.622615803814)
(3, 0.2, 39.488364134154686, 3898.8299110198495)
(4, 0.2, 43.603530210454856, 7169.860149355058)
(0, 0.2, 44.304575163398695, 6011.915032679739)
(1, 0.2, 47.215239335721265, 6691.400195376099)
(2, 0.2, 49.27328789354106, 6183.386887374229)
(3, 0.2, 41.08246414602347, 5084.227183833116)
(4, 0.2, 45.32627808531423, 7665.978183002279)
(0, 0.2, 40.55739925499492, 4785.346427362005)
(1, 0.2, 44.548332771977094, 6324.2249915796565)
(2, 0.2, 49.963936636332996, 6482.291540276374)
(3, 0.2, 42.195344129554655, 4957.390350877193)
(4, 0.2, 42.39282120093928, 5399.39919490104)
(0, 0.2, 39.96878147029204, 4658.483719368915)
(1, 0.2, 43.88489932885906, 5379.445973154362)
(2, 0.2, 47.40469011725293, 5487.300837520938)
(3, 0.2, 41.301918545944126, 4371.942107034669)
(4, 0.2, 43.71821536397182, 6991.6115397517615)
(0, 0.2, 37.68433490884537, 4533.552667116813)
(1, 0.2, 41.63639421459805, 4721.947864110326)
(2, 0.2, 44.072678331090174, 5101.508748317631)
(3, 0.2, 43.788851351351354, 5506.3557432432435)
(4, 0.2, 41.96594740391099, 5357.528995279838)
(0, 0.2, 42.69307891332471, 5744.990620957309)
(1, 0.2, 46.94220213109461, 6677.7507265095255)
(2, 0.2, 51.00582712852056, 6617.801553900938)
(3, 0.2, 44.24755700325733, 5475.461237785016)
(4, 0.2, 52.31393469123828, 8636.195602974458)
(0, 0.2, 39.47504363001745, 4142.571029668412)
(1, 0.2, 40.91387726638773, 4465.905509065551)
(2, 0.2, 48.071899965265715, 5884.966655088572)
(3, 0.2, 41.66945606694561, 4337.221757322176)
(4, 0.2, 47.672645739910315, 7533.526388409797)
(0, 0.2, 40.44308111792775, 4972.811860940696)
(1, 0.2, 43.111638954869356, 5920.908042076688)
(2, 0.2, 50.240672268907566, 6833.0023529411765)
(3, 0.2, 40.887338325391426, 5466.9860449285225)
(4, 0.2, 49.60604004071938, 7637.924329826943)
(0, 0.2, 38.8999323867478, 4184.871534820825)
(1, 0.2, 42.317535545023695, 4840.186188219363)
(2, 0.2, 45.701683501683505, 5167.16835016835)
(3, 0.2, 36.07159743329956, 3241.7635933806146)
(4, 0.2, 50.69759566542499, 7661.111412123265)
(0, 0.2, 37.13602187286398, 3763.0396445659603)
(1, 0.2, 47.45907230559345, 6892.579809004093)
(2, 0.2, 44.708731241473394, 5035.927012278308)
(3, 0.2, 38.676409903713896, 4383.357977991747)
(4, 0.2, 41.66485384092454, 7035.2474507138)
(0, 0.2, 37.32984293193717, 4295.387085514834)
(1, 0.2, 43.165389972144844, 5387.441852367688)
(2, 0.2, 46.58142758142758, 5622.238392238392)
(3, 0.2, 41.376441803565186, 4795.356868227892)
(4, 0.2, 53.36929460580913, 9314.12102351314)
(0, 0.2, 38.276329509906155, 4387.602711157456)
(1, 0.2, 37.26928422515636, 4508.977414871439)
(2, 0.2, 43.3355354659249, 4697.086578581363)
(3, 0.2, 36.587948450017414, 3753.9073493556252)
(4, 0.2, 54.08647906657515, 9536.451612903225)
(0, 0.2, 39.17813351498638, 4845.404972752043)
(1, 0.2, 46.72733469665985, 6589.773006134969)
(2, 0.2, 43.62164001361007, 5059.898604967676)
(3, 0.2, 38.3956343792633, 3984.7025920873125)
(4, 0.2, 48.33950825193668, 7630.965981812058)
(0, 0.2, 38.00169434090139, 4193.869535750593)
(1, 0.2, 41.338638672536405, 5608.055875380968)
(2, 0.2, 46.28378378378378, 5774.7027027027025)
(3, 0.2, 37.375679347826086, 3667.349864130435)
(4, 0.2, 53.05343253297261, 9025.852215082854)
(0, 0.2, 39.36801084378177, 4501.466282616062)
(1, 0.2, 43.696271186440676, 5484.989830508474)
(2, 0.2, 46.521547336274175, 5477.027146250424)
(3, 0.2, 38.35906154369262, 4241.703502210133)
(4, 0.2, 44.751419979953226, 5735.330103575008)
(0, 0.2, 39.267340067340065, 4688.06531986532)
(1, 0.2, 44.443697478991595, 6100.123025210084)
(2, 0.2, 46.75483655770514, 6103.357238158773)
(3, 0.2, 39.94946091644205, 4108.350404312669)
(4, 0.2, 46.33533533533534, 5881.62996329663)
(0, 0.2, 39.520446096654275, 4197.989523487665)
(1, 0.2, 42.2478084962913, 5234.247134187458)
(2, 0.2, 49.34259879437374, 6143.045880776959)
(3, 0.2, 38.16565452091768, 3724.196018893387)
(4, 0.2, 41.18022864828514, 5330.971082716879)
(0, 0.2, 38.714580467675376, 3973.9422283356257)
(1, 0.2, 42.18377823408624, 4776.002395619439)
(2, 0.2, 43.862624186365196, 4670.589585474478)
(3, 0.2, 37.22860089377793, 3347.761430044689)
(4, 0.2, 49.171613783691576, 7418.8904810644835)
(0, 0.2, 41.89613848202397, 4920.388814913449)
(1, 0.2, 48.10829723425525, 6764.56614461846)
(2, 0.2, 47.18242343541944, 5366.008655126498)
(3, 0.2, 37.93756260434057, 3646.01101836394)
(4, 0.2, 56.25917355371901, 8876.307438016529)
(0, 0.2, 39.36062777209143, 4220.790856363016)
(1, 0.2, 41.66302118933698, 4715.028708133971)
(2, 0.2, 44.48227675528289, 5197.277777777777)
(3, 0.2, 40.047471620227036, 4175.59821121431)
(4, 0.2, 39.36273841961853, 5503.45401907357)
(0, 0.2, 40.41890080428954, 5098.744638069705)
(1, 0.2, 43.414300033411294, 5515.079518877381)
(2, 0.2, 49.41902228134353, 7001.595277685401)
(3, 0.2, 42.65863453815261, 5486.323962516733)
(4, 0.2, 50.98368298368298, 9384.578088578088)
(0, 0.2, 42.9312585499316, 5580.4941860465115)
(1, 0.2, 45.72873249060471, 5596.184489238128)
(2, 0.2, 47.03148528405202, 5845.147159479809)
(3, 0.2, 40.097527472527474, 4590.571428571428)
(4, 0.2, 36.796315250767655, 4650.99010576595)
(0, 0.2, 37.59156876295784, 4065.5590877677955)
(1, 0.2, 42.516608996539794, 4384.114532871972)
(2, 0.2, 44.20606478290834, 4971.858718125431)
(3, 0.2, 32.97570288094412, 2970.8285317598056)
(4, 0.2, 44.25309491059147, 6404.2950481430535)
(0, 0.2, 42.29301533219761, 5456.0286201022145)
(1, 0.2, 44.94119635011828, 5770.939844542075)
(2, 0.2, 50.99592529711375, 6475.427843803056)
(3, 0.2, 38.399045020463845, 4080.427012278308)
(4, 0.2, 42.176550783912745, 5488.577368779823)
(0, 0.2, 40.4551724137931, 5120.515172413793)
(1, 0.2, 43.041767345529856, 5286.932688988609)
(2, 0.2, 45.6238374095763, 5294.746124698588)
(3, 0.2, 37.221455674370475, 3561.745774404967)
(4, 0.2, 43.1596035543404, 5934.816473000684)
(0, 0.2, 40.94235924932976, 4956.703753351207)
(1, 0.2, 43.253092611166835, 5144.76629889669)
(2, 0.2, 45.80848930481283, 5508.726270053476)
(3, 0.2, 44.402345058626466, 5718.876716917923)
(4, 0.2, 59.298472775564406, 11695.631806108897)
(0, 0.2, 41.271040424121935, 5357.136514247846)
(1, 0.2, 44.53667441088616, 6087.922668436774)
(2, 0.2, 50.25438306318227, 6652.534899106848)
(3, 0.2, 41.81784881784882, 5078.49050949051)
(4, 0.2, 44.988475469213036, 7874.4511030622325)
(0, 0.2, 36.375208820581356, 3357.217841630471)
(1, 0.2, 42.93353273512795, 5868.468926553673)
(2, 0.2, 46.664902414819714, 5550.699305325836)
(3, 0.2, 41.01863560732113, 4975.151747088186)
(4, 0.2, 46.28106312292359, 7502.182059800664)
(0, 0.2, 38.824016563147, 5016.977915804003)
(1, 0.2, 42.85041265474553, 5160.723865199449)
(2, 0.2, 47.11386811692726, 5872.37423521414)
(3, 0.2, 38.08780991735537, 4507.881887052342)
(4, 0.2, 41.35271980841601, 7450.305850153952)
(0, 0.2, 38.41158221302999, 4194.879007238883)
(1, 0.2, 42.555517122103076, 4899.642338291249)
(2, 0.2, 43.15705902657922, 4579.797031411806)
(3, 0.2, 37.45501730103806, 3752.449480968858)
(4, 0.2, 41.374355448607766, 6715.451357854933)
(0, 0.2, 38.82104159384831, 4274.489688919958)
(1, 0.2, 39.69027777777778, 4299.7131944444445)
(2, 0.2, 45.833217270194986, 5455.432103064067)
(3, 0.2, 37.90038448095072, 3820.234533379937)
(4, 0.2, 50.35173611111111, 10106.876736111111)
(0, 0.2, 42.12089752176825, 6060.964835900871)
(1, 0.2, 46.07411100033234, 6761.886008640745)
(2, 0.2, 51.15101228011948, 7627.04945237305)
(3, 0.2, 42.89628638340582, 6112.117430578789)
(4, 0.2, 48.883774834437084, 7747.877814569536)
(0, 0.2, 41.09048099562731, 4258.256306760848)
(1, 0.2, 46.24026845637584, 6089.842281879195)
(2, 0.2, 48.10909090909091, 5904.539393939394)
(3, 0.2, 41.86576728499157, 4656.580775716695)
(4, 0.2, 44.98549747048904, 6777.048229342327)
(0, 0.2, 41.61919611919612, 4584.560984060984)
(1, 0.2, 42.62763385146805, 4774.919861830743)
(2, 0.2, 47.8776705720193, 5385.7784286698825)
(3, 0.2, 38.551580409864535, 3980.660646057659)
(4, 0.2, 47.266229281767956, 7558.94026243094)
(0, 0.2, 36.89864406779661, 4958.125084745763)
(1, 0.2, 41.96809939556749, 5328.548354600403)
(2, 0.2, 44.97881640887693, 5511.281439139207)
(3, 0.2, 36.57500846596681, 3976.5899085675583)
(4, 0.2, 53.44635761589404, 8904.064238410596)
(0, 0.2, 42.76454668470907, 6060.261163734776)
(1, 0.2, 44.968431771894096, 6011.081126951799)
(2, 0.2, 49.646403242147926, 6423.795677136102)
(3, 0.2, 40.028980565973406, 4026.103307193999)
(4, 0.2, 45.95935505542492, 6932.223379240846)
(0, 0.2, 40.969821673525374, 4767.613854595336)
(1, 0.2, 47.06452714236941, 6729.470809149881)
(2, 0.2, 47.400338983050844, 5440.370508474576)
(3, 0.2, 41.988651994497936, 4959.016850068776)
(4, 0.2, 47.31020267949158, 8391.225695637238)
(0, 0.2, 36.230161456544145, 3636.381999312951)
(1, 0.2, 41.28049197130167, 4886.295866074479)
(2, 0.2, 45.49402526459542, 4692.776374189143)
(3, 0.2, 36.815690304898936, 3628.443645083933)
(4, 0.2, 41.067618076792385, 8315.023445463812)
(0, 0.2, 36.587181254307374, 4019.459682977257)
(1, 0.2, 37.866391184573004, 3899.8891184573004)
(2, 0.2, 41.947169811320755, 4350.033619210978)
(3, 0.2, 34.85497237569061, 3412.877762430939)
(4, 0.2, 41.26794258373206, 5348.097060833903)
(0, 0.2, 42.76031367200818, 5151.254006137061)
(1, 0.2, 46.68271857923497, 5958.70662568306)
(2, 0.2, 49.13910671667235, 6409.72076372315)
(3, 0.2, 40.36478632478632, 4007.8868376068376)
(4, 0.2, 50.53278967040435, 9053.274889568467)
(0, 0.2, 34.56578947368421, 3436.548008534851)
(1, 0.2, 38.024875621890544, 3753.5806680881306)
(2, 0.2, 41.86664295874822, 4550.672475106686)
(3, 0.2, 33.671413314346744, 3099.6742613029546)
(4, 0.2, 38.66394025604552, 4267.96906116643)
