(4, 0.05, 31.723315582310722, 3228.7689279925908)
(4, 0.05, 32.73616152450091, 3465.3795372050818)
(4, 0.05, 28.6633844744676, 2713.067781085413)
(4, 0.05, 28.545137273150303, 2616.5725919032107)
(4, 0.05, 29.665283540802214, 2909.928538497003)
(4, 0.05, 27.158100944918186, 2306.72159483752)
(4, 0.05, 29.266558966074314, 2885.629817678283)
(4, 0.05, 27.100672697749943, 2373.794711203897)
(4, 0.05, 33.65083672546359, 3356.4197195838988)
(4, 0.05, 29.794275075634165, 3151.2692576215964)
(4, 0.05, 34.059905766210456, 4028.901727619475)
(4, 0.05, 31.66512702078522, 3292.10623556582)
(4, 0.05, 29.48448074679113, 3199.4401400233373)
(4, 0.05, 29.795481015606804, 2714.5441416259027)
(4, 0.05, 32.57070938215103, 3536.7981693363845)
(4, 0.05, 31.056603773584907, 3204.941998602376)
(4, 0.05, 32.607559496033595, 3722.0615958936073)
(4, 0.05, 29.065968087639913, 2844.4034293879495)
(4, 0.05, 29.8456561922366, 2898.1658964879853)
(4, 0.05, 33.43921835946376, 3887.5532833446946)
(4, 0.05, 30.869107551487414, 2976.9437070938216)
(4, 0.05, 30.40741604477612, 2870.7684235074626)
(4, 0.05, 29.376777803683844, 3088.255770575892)
(4, 0.05, 29.984242709313264, 2664.6841486359363)
(4, 0.05, 30.13808308192156, 2897.115107913669)
(4, 0.05, 33.03365165984538, 3476.6593906321054)
(4, 0.05, 33.41977272727273, 4034.766590909091)
(4, 0.05, 31.647398843930635, 3620.238843930636)
(4, 0.05, 30.56882217090069, 2915.047806004619)
(4, 0.05, 30.283462714655375, 2998.6330275229357)
(4, 0.05, 28.929365446966187, 2913.7376100046317)
(4, 0.05, 33.421700743494426, 3758.197723048327)
(4, 0.05, 33.257857306721725, 3330.3484744207385)
(4, 0.05, 30.154217421282464, 3086.9572512066193)
(4, 0.05, 31.683403068340308, 3587.0469549046957)
(4, 0.05, 31.155699721964783, 3362.9601482854496)
(4, 0.05, 31.540832758224063, 3949.46399815965)
(4, 0.05, 30.673992673992675, 3097.1121794871797)
(4, 0.05, 29.47599261311173, 2945.714219759926)
(4, 0.05, 30.550764316678073, 3478.8195300022817)
(4, 0.05, 33.35918744228994, 3795.860572483841)
(4, 0.05, 30.022841480127912, 2877.436272270443)
(4, 0.05, 29.216203703703705, 2531.4402777777777)
(4, 0.05, 33.11763341067285, 3615.1037122969838)
(4, 0.05, 28.7898313027179, 2715.6544048734772)
(4, 0.05, 30.377492246344705, 2836.9472751439966)
(4, 0.05, 33.04371836171192, 3429.948918545789)
(4, 0.05, 29.071762505843854, 2838.503740065451)
(4, 0.05, 30.123648648648647, 2662.5903153153154)
(4, 0.05, 30.507455731593662, 2911.502329916123)
(4, 0.05, 32.25383032243311, 3147.972101532129)
(4, 0.05, 32.77818347786399, 3718.6193518941122)
(4, 0.05, 30.93854880642874, 3311.25762231151)
(4, 0.05, 31.830946231509746, 3396.04836816154)
(4, 0.05, 29.759962928637627, 2923.8262279888786)
(4, 0.05, 29.067024754787482, 2503.1795889771133)
(4, 0.05, 30.25272179754459, 2784.8387769284227)
(4, 0.05, 33.80431818181818, 3774.828409090909)
(4, 0.05, 32.22448026162112, 3689.239663629993)
(4, 0.05, 29.953048353188507, 2693.0719458070544)
(4, 0.05, 27.427488151658768, 2407.212796208531)
(4, 0.05, 26.26291189530264, 2144.968216873101)
(4, 0.05, 31.160416666666666, 3123.077083333333)
(4, 0.05, 33.5751211631664, 3741.2317101315484)
(4, 0.05, 33.66782166782167, 3731.027489027489)
(4, 0.05, 29.258011310084825, 2827.973374175306)
(4, 0.05, 30.658085654107186, 3300.750292534519)
(4, 0.05, 32.04493613138686, 3070.028968978102)
(4, 0.05, 29.67683204369595, 2858.3691397360035)
(4, 0.05, 31.60156790408116, 3408.896011067558)
(4, 0.05, 29.926925762159645, 3059.758436118222)
(4, 0.05, 30.31466113416321, 2877.585753803596)
(4, 0.05, 32.21664739884393, 3436.2947976878613)
(4, 0.05, 33.70289359763044, 3931.995898838004)
(4, 0.05, 30.06119673617407, 2884.8318223028105)
(4, 0.05, 29.779118329466357, 3056.135034802784)
(4, 0.05, 27.95417913884412, 2357.2210453603498)
(4, 0.05, 29.645917159763314, 2929.8286390532544)
(4, 0.05, 32.627848101265826, 3957.355581127733)
(4, 0.05, 33.56220472440945, 3315.541057367829)
(4, 0.05, 30.72527217975446, 3130.8563817465833)
(4, 0.05, 31.598454694450947, 3277.608288457036)
(4, 0.05, 30.869335173682998, 2886.0646422820337)
(4, 0.05, 31.729238555325512, 3066.9342074994247)
(4, 0.05, 30.749715844510117, 3303.102977949534)
(4, 0.05, 31.968293795620436, 3548.5586222627735)
(4, 0.05, 29.40503323836657, 2701.426400759734)
(4, 0.05, 28.851255329227854, 2708.1942207484603)
(4, 0.05, 28.83928977919417, 2944.980878670612)
(4, 0.05, 29.745626151012893, 2917.678406998158)
(4, 0.05, 30.884624224316248, 3145.0)
(4, 0.05, 33.37204498508148, 4091.280238696351)
(4, 0.05, 29.429450757575758, 3264.640625)
(4, 0.05, 35.719562243502054, 4001.40674874601)
(4, 0.05, 28.244101845363232, 2662.1744919411353)
(4, 0.05, 32.81938728852309, 3854.1472336534066)
(4, 0.05, 24.818074003795065, 1804.378320683112)
(4, 0.05, 31.584806059215055, 3018.3876520541658)
(4, 0.05, 28.17391304347826, 2609.479195885928)
(4, 0.05, 28.491427247451345, 2558.751390176089)
(4, 0.05, 34.21287689866244, 3841.173656767173)
(4, 0.05, 31.99693034238489, 3217.6833530106255)
(4, 0.05, 35.424907578558226, 4252.255776340111)
(4, 0.05, 32.323342415985465, 3415.8801089918256)
(4, 0.05, 30.13501518336837, 2741.2754029432376)
(4, 0.05, 30.534526267492545, 2807.6398256480843)
(4, 0.05, 32.43141797961075, 3713.8832252085263)
(4, 0.05, 28.873853211009173, 2614.512844036697)
(4, 0.05, 29.930053625553743, 2757.8829564000935)
(4, 0.05, 31.232907930720145, 3065.6613491340017)
(4, 0.05, 30.869366277739648, 2704.2210020590255)
(4, 0.05, 32.601795735129066, 3512.882828282828)
(4, 0.05, 31.6120527306968, 3410.233992467043)
(4, 0.05, 29.820531227566402, 2955.5089734386215)
(4, 0.05, 32.852817885421516, 3405.4913833255705)
(4, 0.05, 32.24158598432457, 3566.4006454587366)
(4, 0.05, 27.733685661764707, 2574.2796415441176)
(4, 0.05, 32.36406067677947, 3491.670945157526)
(4, 0.05, 30.48675194152581, 3096.527866605756)
(4, 0.05, 31.207266910420476, 3150.6524223034735)
(4, 0.05, 32.682260305697085, 3330.2487262621585)
(4, 0.05, 29.855710955710954, 2664.293006993007)
(4, 0.05, 30.175529411764707, 2976.5072941176472)
(4, 0.05, 27.364339268978444, 2266.485707591378)
(4, 0.05, 31.6867829279486, 3510.442634235888)
(4, 0.05, 31.204332953249715, 3481.2896237172176)
(4, 0.05, 32.66767091541136, 3527.8398609501737)
(4, 0.05, 30.256283767911675, 3074.0241954428)
(4, 0.05, 31.732404021937842, 3185.937614259598)
(4, 0.05, 28.12248243559719, 2915.7098360655737)
(4, 0.05, 32.58451853578923, 3502.4366985311262)
(4, 0.05, 32.49563419117647, 3377.3830422794117)
(4, 0.05, 26.492329478404532, 2271.995279679018)
(4, 0.05, 30.85266529398307, 3014.797300388927)
(4, 0.05, 30.941756477872048, 3081.0284338454485)
(4, 0.05, 30.2526120269329, 3034.506152774553)
(4, 0.05, 30.252181901699586, 3069.714285714286)
(4, 0.05, 32.93446379468378, 4039.0091659028412)
(4, 0.05, 28.523116639286552, 2496.0237033560197)
(4, 0.05, 30.639750115687182, 2851.4546506247107)
(4, 0.05, 33.11262798634812, 3594.5351535836176)
(4, 0.05, 29.310829493087557, 3182.9112903225805)
(4, 0.05, 31.465366972477064, 3191.810779816514)
(4, 0.05, 33.14459770114942, 3716.362068965517)
(4, 0.05, 28.072765072765073, 2699.6592746592746)
(4, 0.05, 27.495333811916726, 2538.298875329026)
(4, 0.05, 28.62470588235294, 2463.2548235294116)
(4, 0.05, 28.247529411764706, 2611.656)
(4, 0.05, 29.393081030879962, 2596.248897144184)
(4, 0.05, 27.819582740635372, 2619.705310573732)
(4, 0.05, 27.687899543378997, 2351.761415525114)
(4, 0.05, 28.306293706293705, 2631.380885780886)
(4, 0.05, 32.527557269222044, 3293.1784985257427)
(4, 0.05, 29.110767768005704, 2701.2918944616117)
(4, 0.05, 31.808432630614117, 3187.8157653528874)
(4, 0.05, 31.95873233014136, 3415.8378932968535)
(4, 0.05, 32.06521739130435, 3175.3390379278444)
(4, 0.05, 32.21961865380197, 3187.57822191592)
(4, 0.05, 30.33030514791521, 2880.7700908455627)
(4, 0.05, 30.567680520083584, 3107.2632923148362)
(4, 0.05, 33.58849353049908, 3273.630083179298)
(4, 0.05, 29.538212883860542, 3046.1999538212885)
(4, 0.05, 31.928748590755355, 2990.1555806087936)
(4, 0.05, 30.314725476682746, 2854.5035607626924)
(4, 0.05, 23.700165133286152, 1718.9414956357632)
(4, 0.05, 29.366778684589534, 2760.0748919827174)
(4, 0.05, 32.554658671586715, 3439.741005535055)
(4, 0.05, 29.903023255813952, 2799.263488372093)
(4, 0.05, 32.68366869443145, 3809.963968179691)
(4, 0.05, 31.293722492471623, 3210.3532545749363)
(4, 0.05, 32.69942857142857, 3718.2450285714285)
(4, 0.05, 30.66986301369863, 3075.1735159817354)
(4, 0.05, 30.67368172144715, 2987.8621423504374)
(4, 0.05, 31.672785681505278, 3434.9724644332264)
(4, 0.05, 33.10801630434783, 3304.5197010869565)
(4, 0.05, 31.135017221584384, 2853.6557979334098)
(4, 0.05, 27.617998593859856, 2386.7874384813686)
(4, 0.05, 32.747615724587114, 3913.5654803442662)
(4, 0.05, 29.539106778508273, 2502.176150532759)
(4, 0.05, 33.50916260728369, 3421.5926699141733)
(4, 0.05, 31.08679508006498, 3323.8739846832214)
(4, 0.05, 31.09215641436085, 3576.614223645095)
(4, 0.05, 30.115494296577946, 3142.002851711027)
(4, 0.05, 28.70313588850174, 2566.092218350755)
(4, 0.05, 28.62890442890443, 2617.5333333333333)
(4, 0.05, 31.111085714285714, 3211.352914285714)
(4, 0.05, 28.35798474693783, 2402.2359602495953)
(4, 0.05, 32.33977193390738, 3892.8759599720734)
(4, 0.05, 28.54431279620853, 2519.9590047393367)
(4, 0.05, 26.895881536325774, 2245.602498843128)
(4, 0.05, 29.09287206872533, 3186.9196656605527)
(4, 0.05, 30.84811298911785, 3331.003704561241)
(4, 0.05, 30.733816312222483, 2936.1939705538675)
(4, 0.05, 31.641994989751765, 3050.4545661580505)
(4, 0.05, 29.28257855822551, 2821.1527264325323)
(4, 0.05, 31.022727272727273, 3691.8826905417814)
(4, 0.05, 25.364169992956093, 1990.4977694294435)
(4, 0.05, 31.256373256373255, 2960.868686868687)
(4, 0.05, 29.827253957329663, 3507.0706584078916)
(4, 0.05, 36.88296460176991, 4893.63075221239)
(4, 0.05, 30.434124767225327, 3197.9322625698323)
(4, 0.05, 29.71838034576888, 2942.7074613284803)
(4, 0.05, 30.757561869844178, 3066.42254812099)
(4, 0.05, 28.42497670083877, 2716.275396085741)
(4, 0.05, 31.488533703961085, 3448.928885800324)
(4, 0.05, 28.71675752547997, 2988.9585209765346)
(4, 0.05, 27.845452419920505, 2417.088379705401)
(4, 0.05, 29.430953499295445, 2923.5939408172853)
(4, 0.05, 29.799952763344354, 2695.972366556448)
(4, 0.05, 28.4869585468095, 2567.0146716348395)
(4, 0.05, 30.098669114272603, 3152.05553005966)
(4, 0.05, 32.928506581933725, 3625.535860190649)
(4, 0.05, 30.719795539033456, 2930.21282527881)
(4, 0.05, 30.60522169705154, 2862.126266036462)
(4, 0.05, 29.803167947822036, 2688.205217796413)
(4, 0.05, 28.67492850333651, 2794.610104861773)
(4, 0.05, 30.652410047522064, 3027.0194614166103)
(4, 0.05, 29.996554892053286, 2647.5909508497934)
(4, 0.05, 29.283585459471663, 2754.3858658839467)
(4, 0.05, 31.038372093023256, 3072.730465116279)
(4, 0.05, 29.62735632183908, 3356.005287356322)
(4, 0.05, 32.60906976744186, 3020.581627906977)
(4, 0.05, 30.567491826249416, 2965.05558150397)
(4, 0.05, 31.91486455725017, 3843.020259503756)
(4, 0.05, 30.444418765888607, 2788.346429396811)
(4, 0.05, 32.37655205348615, 3641.85076408787)
(4, 0.05, 32.44952425156649, 3646.706196333256)
(4, 0.05, 31.31799259944496, 2924.5159574468084)
(4, 0.05, 27.11499409681228, 2362.3518299881935)
(4, 0.05, 28.227473806752037, 2547.8852153667053)
(4, 0.05, 32.626879481841314, 3297.1945408281285)
(4, 0.05, 27.764444444444443, 2371.245614035088)
(4, 0.05, 33.46728754365542, 3884.139697322468)
(4, 0.05, 27.750524597808347, 2322.751690370716)
(4, 0.05, 29.09020618556701, 2666.3901124648546)
(4, 0.05, 34.03298731257209, 3904.697347174164)
(4, 0.05, 31.20503766478343, 3196.6588983050847)
(4, 0.05, 29.596638655462186, 2988.285260049966)
(4, 0.05, 31.361989912884, 3581.4793672627234)
(4, 0.05, 30.590649942987458, 3182.8994298745724)
(4, 0.05, 28.845235307890423, 2524.59892296886)
(4, 0.05, 33.82725395732966, 3822.1855930259235)
(4, 0.05, 30.23706599218211, 2937.6930328811222)
(4, 0.05, 32.550232558139534, 4078.781860465116)
(4, 0.05, 33.622068965517244, 4183.795402298851)
(4, 0.05, 29.731895945629248, 2806.985704241856)
(4, 0.05, 28.534592680047226, 2708.3192443919716)
(4, 0.05, 31.772365126337355, 3466.9428636467105)
(4, 0.05, 32.09168394379175, 3609.586270444598)
(4, 0.05, 27.207603686635945, 2372.1633640552996)
(4, 0.05, 29.726857142857142, 2856.533257142857)
(4, 0.05, 33.5316716213126, 3998.9288817745255)
(4, 0.05, 28.632935113609744, 2653.318810025767)
(4, 0.05, 31.625884016973124, 3490.7838283828382)
(4, 0.05, 23.712409101571662, 1785.8250058644148)
(4, 0.05, 26.685728015377222, 2158.1638635271506)
(4, 0.05, 34.1316219369895, 3763.61260210035)
(4, 0.05, 32.16114491773721, 3150.4888438133876)
(4, 0.05, 30.65593607305936, 2633.1760273972604)
(4, 0.05, 27.62242509363296, 2894.686563670412)
(4, 0.05, 31.588601753576373, 2798.240193816336)
(4, 0.05, 30.44343786295006, 3165.1110336817655)
(4, 0.05, 25.683263207106123, 2357.4841047218324)
(4, 0.05, 26.942776735459663, 2348.09287054409)
(4, 0.05, 33.42930351735383, 3928.791986955509)
(4, 0.05, 30.024423647569048, 3096.080575211139)
(4, 0.05, 31.25488454706927, 3313.383214920071)
(4, 0.05, 28.835933914639742, 2898.3540614960993)
(4, 0.05, 35.20394289598912, 4546.4194425560845)
(4, 0.05, 31.27591780189333, 3152.4590163934427)
(4, 0.05, 33.74130282512258, 4213.610086388046)
(4, 0.05, 35.706724216265336, 5014.524079963653)
(4, 0.05, 31.600717810677434, 3303.5114401076717)
(4, 0.05, 28.429669306008385, 3061.0733581741965)
(4, 0.05, 29.8162471395881, 2878.121510297483)
(4, 0.05, 32.156076066790355, 3529.6857606679037)
(4, 0.05, 28.93762993762994, 2745.0836220836222)
(4, 0.05, 32.29321916223096, 3433.2976162925247)
(4, 0.05, 34.49920109564027, 3970.6594384843643)
(4, 0.05, 30.14447004608295, 3068.470276497696)
(4, 0.05, 30.879752633989924, 3004.0987173614294)
(4, 0.05, 28.93175975695256, 2703.6538910960503)
(4, 0.05, 28.582753824756605, 2916.7658785350022)
(4, 0.05, 32.23605823068309, 3199.0078387458007)
(4, 0.05, 29.10082872928177, 2630.182320441989)
(4, 0.05, 28.99931302953973, 2788.445156858255)
(4, 0.05, 30.316565278427703, 2686.5828263921385)
(4, 0.05, 30.184600894749234, 2856.026371556393)
(4, 0.05, 33.03564084989719, 3690.688371030386)
(4, 0.05, 31.337884748900716, 3339.205507984263)
(4, 0.05, 33.55724137931035, 4202.896091954023)
(4, 0.05, 30.548813868613138, 3055.86450729927)
(4, 0.05, 33.348014605203105, 3864.9162482884526)
(4, 0.05, 27.82439585730725, 2560.742232451093)
(4, 0.05, 29.044302298033642, 2769.6825396825398)
(4, 0.05, 27.76527777777778, 2654.714814814815)
(4, 0.05, 30.738227146814406, 3233.967220683287)
(4, 0.05, 32.26779583428702, 3493.3096818493937)
(4, 0.05, 23.948524203069656, 1774.4935064935064)
(4, 0.05, 30.37485448195576, 3032.014435389988)
(4, 0.05, 27.817460317460316, 2261.109243697479)
(4, 0.05, 31.111495047224142, 2853.3469246717345)
(4, 0.05, 32.5766590389016, 3546.207322654462)
(4, 0.05, 30.846436781609196, 3329.4928735632184)
(4, 0.05, 32.209681227863044, 3203.224557260921)
(4, 0.05, 30.35665137614679, 3162.4341743119267)
(4, 0.05, 31.629493931760933, 3198.269750400733)
(4, 0.05, 27.54712535344015, 2257.89396795476)
(4, 0.05, 32.55644791188619, 3570.719825608077)
(4, 0.05, 27.59505481688827, 2241.786797294145)
(4, 0.05, 30.480574523192843, 3111.557570049447)
(4, 0.05, 31.922377622377624, 3212.150815850816)
(4, 0.05, 34.77008372935053, 3946.6809232858113)
(4, 0.05, 30.33721727210418, 2999.3557230980123)
(4, 0.05, 33.396200503547725, 3682.5612268253603)
(4, 0.05, 31.49092996555683, 3288.416303099885)
(4, 0.05, 29.664359861591695, 3286.621683967705)
(4, 0.05, 28.821318837154337, 2672.274875915859)
(4, 0.05, 32.92393063583815, 4182.358843930636)
(4, 0.05, 32.06807242722897, 3158.805638322255)
(4, 0.05, 31.375085246646965, 2971.3537167538075)
(4, 0.05, 30.54788470478847, 2855.6892143189216)
(4, 0.05, 28.62301129813235, 2638.2042886788104)
(4, 0.05, 31.38852046649897, 3045.95060599131)
(4, 0.05, 32.795784543325524, 3434.713817330211)
(4, 0.05, 29.86714417744917, 2830.3089186691313)
(4, 0.05, 28.950255695025568, 2602.0571827057183)
(4, 0.05, 31.211967779056387, 2801.4278481012657)
(4, 0.05, 33.101856148491876, 3875.557540603248)
(4, 0.05, 33.4941013185288, 3833.324311820495)
(4, 0.05, 23.591595845136922, 1680.918791312559)
(4, 0.05, 29.421186833565137, 2513.6437181270285)
(4, 0.05, 27.802940479013518, 2788.375385345032)
(4, 0.05, 29.793199813693526, 2944.1606893339545)
(4, 0.05, 28.59349593495935, 2757.3038327526133)
(4, 0.05, 29.061904761904763, 2798.4056689342406)
(4, 0.05, 32.81547212741752, 4034.1783845278724)
(4, 0.05, 31.056344586728756, 3105.2458672875437)
(4, 0.05, 32.26124885215794, 3354.993572084481)
(4, 0.05, 28.84622467771639, 2441.5354511970536)
(4, 0.05, 30.277623026926648, 3348.2794800371403)
(4, 0.05, 29.21219171707771, 2628.925081433225)
(4, 0.05, 33.20869967607589, 3526.018972697825)
(4, 0.05, 28.077229113035337, 2308.550901006319)
(4, 0.05, 31.11510128913444, 3186.1648250460407)
(4, 0.05, 29.988347704497787, 2853.716150081566)
(4, 0.05, 30.74703737465816, 2802.3951686417504)
(4, 0.05, 31.74920993227991, 3278.884650112867)
(4, 0.05, 28.502435629784273, 2430.3210392020414)
(4, 0.05, 30.61936369878691, 3178.780498970016)
(4, 0.05, 31.15068493150685, 3406.263926940639)
(4, 0.05, 31.485512206251425, 3410.5468856947296)
(4, 0.05, 33.942609883853336, 4060.21817353678)
(4, 0.05, 25.756185443190006, 1910.9125630554888)
(4, 0.05, 30.692708333333332, 3128.475378787879)
(4, 0.05, 30.942764828063698, 3384.2753288714516)
(4, 0.05, 34.87305874409183, 3856.6538374971865)
(4, 0.05, 30.76860275250758, 3560.961278283182)
(4, 0.05, 30.90306946688207, 3229.645280406185)
(4, 0.05, 33.49181073703367, 3561.0)
(4, 0.05, 29.433240611961057, 3167.4290681502084)
(4, 0.05, 33.42138364779874, 3962.3238993710693)
(4, 0.05, 30.387853692201517, 3119.3848631239935)
(4, 0.05, 29.44852428538229, 3013.4243551010923)
(4, 0.05, 32.784286698828396, 3578.1507006662073)
(4, 0.05, 33.021257142857145, 3626.039314285714)
(4, 0.05, 28.72993389990557, 2472.19357884797)
(4, 0.05, 29.737136204889406, 2759.957392316647)
(4, 0.05, 31.19187675070028, 3328.140989729225)
(4, 0.05, 27.18420435903445, 2272.227091633466)
(4, 0.05, 29.174350573367658, 2789.340978235432)
(4, 0.05, 28.00418994413408, 2580.3724394785845)
(4, 0.05, 29.62097150864082, 2753.2902849135917)
(4, 0.05, 32.3760092272203, 2977.518800461361)
(4, 0.05, 31.343212669683258, 3416.7988687782804)
(4, 0.05, 25.950432546177225, 2160.623801730185)
(4, 0.05, 30.252938517179025, 2854.658001808318)
(4, 0.05, 32.32274401473296, 4085.1422651933703)
(4, 0.05, 30.536032944406315, 3286.8924731182797)
(4, 0.05, 25.44821136310498, 2044.2263268646248)
(4, 0.05, 30.78796169630643, 3270.4952120383036)
(4, 0.05, 32.130444646098006, 3025.2348003629763)
(4, 0.05, 28.93737048123417, 2642.3423900529588)
(4, 0.05, 33.30763936682725, 3483.8458362009637)
(4, 0.05, 33.88441646053519, 4320.718237013717)
(4, 0.05, 31.73354883398753, 3273.745093511891)
(4, 0.05, 31.59826126744452, 3162.312971859986)
(4, 0.05, 29.213823393435042, 2745.091770688858)
(4, 0.05, 30.900442993704825, 3055.375612030776)
(4, 0.05, 27.4434250764526, 2313.7501764290755)
(4, 0.05, 31.496399535423926, 3515.9461091753774)
(4, 0.05, 32.10141893463596, 3539.7501744591764)
(4, 0.05, 31.235822306238184, 3462.1129489603027)
(4, 0.05, 33.69292237442922, 3495.6906392694063)
(4, 0.05, 31.609304426377598, 3192.817073170732)
(4, 0.05, 34.21119009401514, 3597.2118780096307)
(4, 0.05, 31.07544177616674, 3162.8552333484367)
(4, 0.05, 24.911487758945388, 1856.015536723164)
(4, 0.05, 28.78721440110778, 2601.8336025848143)
(4, 0.05, 33.90700902151284, 3794.7420772611613)
(4, 0.05, 28.900719090698214, 2825.092785896544)
(4, 0.05, 29.920489296636084, 2817.54928252176)
(4, 0.05, 27.190354741479247, 2183.7338279619753)
(4, 0.05, 33.34721904325933, 4044.628976882582)
(4, 0.05, 31.21734156943491, 3483.2091054678563)
(4, 0.05, 33.15833903718914, 3789.2801733972165)
(4, 0.05, 30.789205466759324, 3059.152420662497)
(4, 0.05, 29.14292486371178, 3157.0225171841666)
(4, 0.05, 31.24200700116686, 3423.2527421236873)
(4, 0.05, 27.769883107953245, 3142.85812514325)
(4, 0.05, 32.08405863490609, 3480.980073293633)
(4, 0.05, 30.324895494658616, 3088.885973060845)
(4, 0.05, 31.06731212540341, 3096.3001383125866)
(4, 0.05, 28.290375203915172, 2390.6930785364716)
(4, 0.05, 33.5740153915799, 3727.123132639203)
(4, 0.05, 32.38138686131387, 3709.905109489051)
(4, 0.05, 33.334852974697974, 3479.7095965352178)
(4, 0.05, 31.30510783200908, 2795.389103291714)
(4, 0.05, 28.905258281213804, 2721.783646050498)
(4, 0.05, 28.96054807465155, 3098.6231986770613)
(4, 0.05, 29.59687786960514, 2992.536271808999)
(4, 0.05, 30.22263194284397, 3252.777598525006)
(4, 0.05, 28.896592244418333, 2479.9654524089306)
(4, 0.05, 29.197909242100263, 2668.198622000475)
(4, 0.05, 34.206294509533656, 3946.4484263726167)
(4, 0.05, 30.23071512309496, 3012.4271981242673)
(4, 0.05, 31.140761118752867, 3368.4530032095367)
(4, 0.05, 30.989807474518685, 2809.356738391846)
(4, 0.05, 31.705410362219165, 3262.182255845942)
(4, 0.05, 30.253354928273946, 2881.710550670986)
(4, 0.05, 31.73159579332419, 3365.965706447188)
(4, 0.05, 30.01968325791855, 2889.3459276018098)
(4, 0.05, 29.41963448922212, 3256.545220243674)
(4, 0.05, 31.647372076869647, 3582.139152581616)
(4, 0.05, 31.038584474885845, 2832.1084474885843)
(4, 0.05, 31.520203186331102, 3596.9554375432926)
(4, 0.05, 32.169717514124294, 3579.700564971751)
(4, 0.05, 30.21441774491682, 2801.8678373382627)
(4, 0.05, 29.728654970760235, 2577.605614035088)
(4, 0.05, 25.763957597173146, 2060.137573616019)
(4, 0.05, 33.1, 3805.708430913349)
(4, 0.05, 24.18622327790974, 1722.7686460807602)
(4, 0.05, 35.67029231815092, 3971.657602537956)
(4, 0.05, 31.931408775981524, 3396.652886836028)
(4, 0.05, 33.85556068297185, 4034.2676511305954)
(4, 0.05, 28.724489795918366, 2665.997680890538)
(4, 0.05, 33.82035087719298, 3597.1012865497078)
(4, 0.05, 28.02227432590856, 2629.762954279015)
(4, 0.05, 28.197621878715815, 2674.8340071343637)
(4, 0.05, 33.605104408352666, 3829.861716937355)
(4, 0.05, 25.131117266851337, 2045.0013850415512)
(4, 0.05, 30.23235294117647, 3049.1676470588236)
(4, 0.05, 31.15063437139562, 3049.369780853518)
(4, 0.05, 28.800779458963778, 2596.2707473635946)
(4, 0.05, 27.17029749355821, 2234.0407589599436)
(4, 0.05, 31.90472878998609, 3189.0271210013907)
(4, 0.05, 31.766064486622454, 3535.140864395152)
(4, 0.05, 29.556242840778925, 2939.150744558992)
(4, 0.05, 31.33599062133646, 3133.247362250879)
(4, 0.05, 29.837406015037594, 3186.026785714286)
(4, 0.05, 32.64715447154472, 3656.68199767712)
(4, 0.05, 31.713849765258217, 3300.180516431925)
(4, 0.05, 29.747440273037544, 2816.3463026166096)
(4, 0.05, 28.72779043280182, 2514.7446469248293)
(4, 0.05, 32.915405777166434, 3544.799862448418)
(4, 0.05, 30.86791163744022, 3036.9763151901616)
(4, 0.05, 30.00212464589235, 3197.000236071766)
(4, 0.05, 31.389979688557887, 3150.0941096817874)
(4, 0.05, 29.00538515570124, 2847.3448841020836)
(4, 0.05, 28.824947832135404, 2874.3872014838857)
(4, 0.05, 28.160364145658264, 2856.5875350140054)
(4, 0.05, 32.231601222666356, 3553.284505055255)
(4, 0.05, 30.071329319129227, 3338.607225567392)
(4, 0.05, 28.370689655172413, 2823.6684529356944)
(4, 0.05, 30.554934823091248, 3081.223929236499)
(4, 0.05, 27.678450033990483, 2402.464763199637)
(4, 0.05, 28.693366995639202, 2794.3720449850816)
(4, 0.05, 29.614452214452214, 2737.9501165501165)
(4, 0.05, 29.40527914038776, 3036.68021490306)
(4, 0.05, 27.222946241563882, 2242.800791249709)
(4, 0.05, 28.37910447761194, 2444.7671641791044)
(4, 0.05, 30.169306008383792, 2970.9527247321844)
(4, 0.05, 33.23332569333028, 3597.085720834288)
(4, 0.05, 26.396592522479885, 2246.3715097018458)
(4, 0.05, 35.64383561643836, 4630.9808219178085)
(4, 0.05, 29.058250118877794, 2900.7173086067523)
(4, 0.05, 27.464693544628293, 2391.9806571894665)
(4, 0.05, 26.52112676056338, 2108.939365003581)
(4, 0.05, 31.031779169566224, 3420.5738807701227)
(4, 0.05, 32.85613636363637, 3690.286590909091)
(4, 0.05, 31.161694374857664, 2737.215440674106)
(4, 0.05, 33.37964458804523, 3963.9750750057697)
(4, 0.05, 30.007270168855534, 2876.423780487805)
(4, 0.05, 30.59547738693467, 3060.302649611695)
(4, 0.05, 31.040735567970206, 3097.99604283054)
(4, 0.05, 33.469173283512376, 3660.3379262027092)
(4, 0.05, 31.249826669748092, 3388.9937601109314)
(4, 0.05, 31.012529002320186, 3232.5461716937357)
(4, 0.05, 33.00303880317905, 3828.886161757831)
(4, 0.05, 30.401644962302946, 3033.372629655015)
(4, 0.05, 31.92685714285714, 3536.4630857142856)
(4, 0.05, 34.03332582751632, 3560.7525332132404)
(4, 0.05, 31.4857605927298, 3226.3780967816624)
(4, 0.05, 37.513869940882216, 4635.073215097772)
(4, 0.05, 31.322765908568805, 3606.9184470480127)
(4, 0.05, 32.924377427461735, 3597.2360063970755)
(4, 0.05, 27.871770784405825, 2564.044152184124)
(4, 0.05, 32.06109175377468, 3341.6420441347273)
(4, 0.05, 35.176818181818184, 4067.8263636363636)
(4, 0.05, 31.824381130312936, 3367.154133582438)
(4, 0.05, 27.569983533286287, 2478.451187955775)
(4, 0.05, 33.51658659345687, 3843.926561427591)
(4, 0.05, 32.62721213514135, 3129.984141576649)
(4, 0.05, 31.2761728680379, 3338.794083660735)
(4, 0.05, 30.014675533134604, 3264.5723457922495)
(4, 0.05, 36.121678321678324, 4911.894638694639)
(4, 0.05, 31.42813953488372, 3628.1002325581394)
(4, 0.05, 27.827868852459016, 2424.371194379391)
(4, 0.05, 29.166551166551166, 2602.8842688842687)
(4, 0.05, 30.65377446411929, 2832.330382106244)
(4, 0.05, 25.277972436346648, 2064.3903293622984)
(4, 0.05, 32.12218214607755, 3446.9242560865646)
(4, 0.05, 32.931245745405036, 3596.7819378261856)
(4, 0.05, 33.609418282548475, 3796.0609418282547)
(4, 0.05, 29.77253814147018, 2822.266296809986)
(4, 0.05, 33.48459447213412, 3638.730176710467)
(4, 0.05, 29.900717426521638, 2759.9659800972)
(4, 0.05, 29.665666820489154, 2983.0053068758652)
(4, 0.05, 31.677580718508413, 3474.967712596635)
(4, 0.05, 30.48087056128293, 3170.1175257731957)
(4, 0.05, 31.84296768320437, 3464.543923532089)
(4, 0.05, 24.375, 1814.915170132325)
(4, 0.05, 30.096092685143116, 3372.719445706497)
(4, 0.05, 27.140309713749414, 2346.8033786954484)
(4, 0.05, 28.39972014925373, 2597.3180970149256)
(4, 0.05, 31.162462392964592, 3139.1425595926867)
(4, 0.05, 32.12473867595819, 3273.4562137049943)
(4, 0.05, 32.339080459770116, 3409.716091954023)
(4, 0.05, 35.19677047289504, 3985.829296424452)
(4, 0.05, 31.67029725436805, 3428.464488314046)
(4, 0.05, 29.01881597062873, 2565.427719137219)
(4, 0.05, 29.77059773828756, 2827.28225248096)
(4, 0.05, 29.458031330371757, 2909.6221650689736)
(4, 0.05, 29.350836431226767, 2876.3712825278812)
(4, 0.05, 31.400549954170486, 3156.9835013748852)
(4, 0.05, 30.19986184664978, 3067.477319825006)
(4, 0.05, 30.201448936667447, 2810.164991820519)
(4, 0.05, 28.951898137231783, 2643.003772695119)
(4, 0.05, 28.4765625, 2583.423713235294)
(4, 0.05, 31.439369348481335, 3505.4008810572686)
(4, 0.05, 29.79810360777058, 3027.757863089732)
(4, 0.05, 30.12269652437602, 2740.223466293445)
(4, 0.05, 29.12837837837838, 2725.3823392357876)
(4, 0.05, 31.919208010923988, 3381.591943559399)
(4, 0.05, 30.73822933093039, 2992.0961928362244)
(4, 0.05, 28.68547832071576, 2568.2170222528102)
(4, 0.05, 31.932717365553188, 3187.981994787965)
(4, 0.05, 28.703117835855114, 2644.531636863824)
(4, 0.05, 29.642454160789846, 3107.907616361072)
(4, 0.05, 29.518570102135563, 2760.5710306406686)
(4, 0.05, 28.008319852091518, 2612.2528310607813)
(4, 0.05, 28.30981308411215, 2809.408878504673)
(4, 0.05, 31.65166475315729, 3437.488174512055)
(4, 0.05, 32.36563367252544, 3761.1029139685475)
(4, 0.05, 32.076142131979694, 4260.354868481772)
(4, 0.05, 34.788272157564904, 4031.5214861235454)
(4, 0.05, 32.62590744101633, 3770.6313520871145)
(4, 0.05, 28.342388758782203, 2997.1540983606556)
(4, 0.05, 31.233022938905293, 3120.4735407676585)
(4, 0.05, 29.701985226223453, 3022.7647737765465)
(4, 0.05, 28.30131004366812, 2602.7563778441736)
(4, 0.05, 33.46431860036832, 3535.4403775322285)
(4, 0.05, 31.891740550629958, 3475.266915538964)
(4, 0.05, 29.307050092764378, 2942.8910018552874)
(4, 0.05, 28.075684380032207, 2272.7207269381183)
(4, 0.05, 30.73453187018445, 2904.9610086388047)
(4, 0.05, 29.17412473916068, 2745.314630187804)
(4, 0.05, 33.7784263366799, 4087.979220172776)
(4, 0.05, 31.896455872133426, 3780.7475098447994)
(4, 0.05, 30.498129967274426, 3000.4658719027584)
(4, 0.05, 30.54021937842779, 3110.524223034735)
(4, 0.05, 26.476000936548818, 2266.406228049637)
(4, 0.05, 32.231732301388575, 3495.6562713407693)
(4, 0.05, 32.86926192619262, 3612.524527452745)
(4, 0.05, 33.107151176333566, 3759.0377358490564)
(4, 0.05, 23.80634390651085, 1910.1378487956117)
(4, 0.05, 30.213781749764816, 2929.345954844779)
(4, 0.05, 27.63909599254427, 2564.708993476235)
(4, 0.05, 30.116643291257596, 3071.6790556334736)
(4, 0.05, 30.487344684767603, 3046.55867464335)
(4, 0.05, 32.570969961018115, 3962.9873882137126)
(4, 0.05, 28.866512702078523, 2800.5094688221707)
(4, 0.05, 28.016454229432213, 2595.6285052143685)
(4, 0.05, 30.797111742424242, 3340.980350378788)
(4, 0.05, 31.742850759606792, 3455.232126899017)
(4, 0.05, 29.33846861347436, 2684.238905495516)
(4, 0.05, 27.1520672740014, 2290.8834384489605)
(4, 0.05, 34.835280898876405, 4192.654606741573)
(4, 0.05, 30.25685090571296, 3143.9484440315837)
(4, 0.05, 29.497171145685996, 2751.7333804809055)
(4, 0.05, 28.617792421746294, 2718.840433043069)
(4, 0.05, 27.236936292054402, 2252.180863755667)
(4, 0.05, 31.516085183507023, 3269.421386497508)
(4, 0.05, 25.932841152655396, 2121.5313169802334)
(4, 0.05, 30.879326047358834, 2863.0500910746814)
(4, 0.05, 31.663542857142858, 3140.456685714286)
(4, 0.05, 33.14029104138245, 4128.056161891769)
(4, 0.05, 29.550232558139534, 3253.4813953488374)
(4, 0.05, 27.91175785797439, 2491.1043073341093)
(4, 0.05, 27.40358851674641, 2268.8643540669855)
(4, 0.05, 30.787631271878645, 3238.7586931155192)
(4, 0.05, 34.36724059809696, 4739.5643407340285)
(4, 0.05, 33.41801966613309, 3677.9801051909444)
(4, 0.05, 30.554943794448267, 3433.229869236063)
(4, 0.05, 31.79544375889891, 3790.9663028001896)
(4, 0.05, 30.2944340505145, 3025.738306828812)
(4, 0.05, 33.79963277484508, 3326.0690842322697)
(4, 0.05, 30.31999074502545, 3285.0511337343823)
(4, 0.05, 28.775922877968494, 2622.895367975547)
(4, 0.05, 36.19412288512912, 4609.667408726625)
(4, 0.05, 33.23120471014493, 3938.6877264492755)
(4, 0.05, 28.07162661737523, 2547.8932532347503)
(4, 0.05, 30.581031307550646, 3254.54650092081)
(4, 0.05, 30.033411214953272, 2672.418925233645)
(4, 0.05, 29.763176224750406, 3108.9770141629906)
(4, 0.05, 28.384579870729457, 2586.2271468144045)
(4, 0.05, 28.003234003234002, 2575.942711942712)
(4, 0.05, 29.194746376811594, 2645.5185688405795)
(4, 0.05, 31.170493293930438, 2796.527165264833)
(4, 0.05, 29.778987221959298, 2883.3847610033126)
(4, 0.05, 31.683635518363552, 3272.838447233845)
(4, 0.05, 29.781839348079163, 3058.565075669383)
(4, 0.05, 30.4271052017728, 3008.8926988570097)
(4, 0.05, 29.442114858705562, 2756.4539653600727)
(4, 0.05, 24.21528935460824, 1881.9585615622768)
(4, 0.05, 30.17704688593422, 3074.8269185910895)
(4, 0.05, 23.93034238488784, 1862.1168831168832)
(4, 0.05, 27.940443213296398, 2447.9690674053554)
(4, 0.05, 30.625915750915752, 2971.7852564102564)
(4, 0.05, 30.76344843786704, 3619.6922715527367)
(4, 0.05, 28.66521739130435, 2345.987414187643)
(4, 0.05, 30.486554814985062, 2889.583773845093)
(4, 0.05, 32.50901109057301, 4138.081561922366)
(4, 0.05, 30.34207525655644, 3080.1974914481184)
(4, 0.05, 34.13442850532161, 3474.5277649236464)
(4, 0.05, 30.12699884125145, 2794.1367323290847)
(4, 0.05, 29.719815668202767, 2831.4967741935484)
(4, 0.05, 31.22043996333639, 3009.7208982584784)
(4, 0.05, 27.324982439709668, 2574.3790681339265)
(4, 0.05, 33.143537414965984, 3295.5281179138324)
(4, 0.05, 32.781601284698326, 3440.4842853865566)
(4, 0.05, 25.66835138387485, 1870.4770156438026)
(4, 0.05, 28.853249475890987, 2534.729326811088)
(4, 0.05, 30.087316176470587, 2918.4728860294117)
(4, 0.05, 28.14598708487085, 2676.372463099631)
(4, 0.05, 31.616835326586937, 3171.4834406623736)
(4, 0.05, 32.49152542372882, 3548.1859763176226)
(4, 0.05, 31.277639046538024, 3130.1421112372304)
(4, 0.05, 30.16620626151013, 3131.105432780847)
(4, 0.05, 31.676280572219657, 3496.8341024457777)
(4, 0.05, 28.79316037735849, 2593.6516509433964)
(4, 0.05, 35.60438056125941, 3896.7688797627197)
(4, 0.05, 34.50420359009316, 4207.941604180868)
(4, 0.05, 29.48922566895572, 3240.2332465072222)
(4, 0.05, 29.652962792834174, 2442.142168121268)
(4, 0.05, 27.375029613835583, 2294.2350153991947)
(4, 0.05, 31.34721583064887, 2893.329268292683)
(4, 0.05, 26.352570093457945, 2381.736682242991)
(4, 0.05, 30.044195099610718, 3119.4712617357454)
(4, 0.05, 31.540708371665133, 3656.3148574057036)
(4, 0.05, 25.712845757149555, 2043.4235818096577)
(4, 0.05, 28.28731867103416, 2374.7702386523165)
(4, 0.05, 30.12295081967213, 2861.7852459016394)
(4, 0.05, 33.12755102040816, 3480.5876623376626)
(4, 0.05, 30.043051006083296, 2769.993448759944)
(4, 0.05, 30.92514220705347, 3111.999089874858)
(4, 0.05, 31.515832950894907, 2956.212023864158)
(4, 0.05, 28.764255910987483, 2697.1444135373204)
(4, 0.05, 29.00816914944738, 2607.386833253244)
(4, 0.05, 31.282369468508545, 3127.79840786701)
(4, 0.05, 25.97382566020098, 2047.1558775414817)
(4, 0.05, 32.94970414201183, 3531.8072371415565)
(4, 0.05, 28.5472320376914, 2447.410836277974)
(4, 0.05, 30.897299792291715, 2996.8377567505195)
(4, 0.05, 30.38641090825052, 3026.9965333949617)
(4, 0.05, 26.33547619047619, 2218.402619047619)
(4, 0.05, 30.70757119703635, 3217.829590182913)
(4, 0.05, 32.30536834766442, 3505.5956309551475)
(4, 0.05, 33.06848691695108, 3737.9554038680317)
(4, 0.05, 29.234320354394963, 2574.4397295406857)
(4, 0.05, 30.389745916515427, 3156.545825771325)
(4, 0.05, 29.30338664158043, 2640.3316086547507)
(4, 0.05, 28.693944353518823, 3006.0383446340893)
(4, 0.05, 32.52525951557094, 3499.150403690888)
(4, 0.05, 28.6859637031932, 2789.2469561222147)
(4, 0.05, 31.08062330623306, 3255.531391147245)
(4, 0.05, 32.21380743477257, 3203.6836758254444)
(4, 0.05, 28.496969696969696, 2470.612121212121)
(4, 0.05, 31.991519434628977, 3218.6426383981157)
(4, 0.05, 30.319143986973714, 2952.374040474529)
(4, 0.05, 30.658508691674292, 2821.1237419945105)
(4, 0.05, 27.875116713352007, 2427.1122782446314)
(4, 0.05, 32.22165546023649, 3794.9399489914213)
(4, 0.05, 27.312676056338027, 2500.017370892019)
(4, 0.05, 27.221120590269773, 2232.443624625317)
(4, 0.05, 32.61138725711704, 3154.2905558065972)
(4, 0.05, 28.300513299113394, 2792.6817545496965)
(4, 0.05, 29.115925058548008, 2755.980093676815)
(4, 0.05, 33.13256351039261, 3963.0591224018476)
(4, 0.05, 30.518005540166204, 2967.354108956602)
(4, 0.05, 29.219995227869244, 2877.817943211644)
(4, 0.05, 32.44646510570584, 3427.58763355308)
(4, 0.05, 31.892937980986872, 3267.7086917157085)
(4, 0.05, 31.891499654457498, 3328.1780695692237)
(4, 0.05, 27.881932873125447, 2595.6058081409187)
(4, 0.05, 30.790649942987457, 3101.7895096921325)
(4, 0.05, 30.256014525646844, 3396.072174307762)
(4, 0.05, 27.94504973945997, 2693.566082425391)
(4, 0.05, 30.989941520467838, 3469.7305263157896)
(4, 0.05, 30.29718053660755, 3118.463165075034)
(4, 0.05, 30.132275132275133, 2888.339774557166)
(4, 0.05, 27.472176949941794, 2327.0959254947616)
(4, 0.05, 31.15499425947187, 3660.1639494833526)
(4, 0.05, 28.173302107728336, 2581.3470725995317)
(4, 0.05, 28.838201734367868, 2722.656549520767)
(4, 0.05, 32.35115402731983, 3195.1363636363635)
(4, 0.05, 25.640592930444697, 2089.8193842645383)
(4, 0.05, 29.880145553786672, 3087.2383443256767)
(4, 0.05, 28.751100811123987, 2483.828736964079)
(4, 0.05, 31.229576486924323, 3015.864151816709)
(4, 0.05, 28.755289788408465, 2636.459981600736)
(4, 0.05, 31.986913357400724, 3790.6796028880867)
(4, 0.05, 30.89736664415935, 3437.1143371595767)
(4, 0.05, 27.03559718969555, 2611.5007025761124)
(4, 0.05, 32.32787263497924, 3697.505999077065)
(4, 0.05, 32.92815892815893, 4073.5185955185957)
(4, 0.05, 28.561891515994436, 2660.6017617060734)
(4, 0.05, 33.17867833294957, 3342.2093023255816)
(4, 0.05, 28.36810384793695, 2758.529902642559)
(4, 0.05, 30.87363387978142, 3477.9091530054643)
(4, 0.05, 29.216323666978486, 2603.1545837231056)
(4, 0.05, 28.545497185741088, 2791.1585365853657)
(4, 0.05, 31.669954128440367, 2953.377752293578)
(4, 0.05, 32.71899354264084, 3192.9038076152306)
(4, 0.05, 29.944392523364485, 2914.6995327102804)
(4, 0.05, 30.03241604477612, 2786.0235541044776)
(4, 0.05, 28.25728155339806, 2378.296578825705)
(4, 0.05, 26.310021121802393, 2161.256277869045)
(4, 0.05, 30.818265049210346, 3068.1293202105744)
(4, 0.05, 28.581314072693385, 2476.803122087605)
(4, 0.05, 30.388104605415414, 2852.478361490396)
(4, 0.05, 29.621205044371788, 2963.3694535263894)
(4, 0.05, 33.31779367643665, 3657.847680590815)
(4, 0.05, 30.966542750929367, 3015.7908921933085)
(4, 0.05, 27.807070240295747, 2080.048752310536)
(4, 0.05, 33.00434285714286, 4007.999542857143)
(4, 0.05, 32.961122613296524, 3823.6530940878765)
(4, 0.05, 30.469322344322343, 3235.647893772894)
(4, 0.05, 32.03531598513011, 3544.957249070632)
(4, 0.05, 30.9231843575419, 3150.6424581005585)
(4, 0.05, 32.02139037433155, 3305.15973029528)
(4, 0.05, 30.386889754755902, 3027.6007334402934)
(4, 0.05, 34.68771606360912, 3905.525236229546)
(4, 0.05, 30.961467889908256, 2960.9908256880735)
(4, 0.05, 28.132934682612696, 2395.3302667893286)
(4, 0.05, 31.410599078341015, 3221.6511520737326)
(4, 0.05, 27.209051229037446, 2471.0294050080406)
(4, 0.05, 31.67650423244109, 3506.948066803935)
(4, 0.05, 32.94444444444444, 3742.9912764003675)
(4, 0.05, 32.43387096774194, 3181.59331797235)
(4, 0.05, 31.928025919925943, 3422.2126822494793)
(4, 0.05, 30.157152761728682, 3110.3924196903167)
(4, 0.05, 31.108550357225166, 3526.3291080894214)
(4, 0.05, 25.80516159032783, 2230.697047198326)
(4, 0.05, 34.224661373190095, 4203.325548808968)
(4, 0.05, 29.28301886792453, 2866.6833870225496)
(4, 0.05, 30.037951105937136, 3012.0733410942958)
(4, 0.05, 34.50588778573078, 3966.6966058646963)
(4, 0.05, 27.953579676674366, 2416.2842956120094)
(4, 0.05, 28.806421806421806, 2730.6387156387154)
(4, 0.05, 32.480298437864306, 3907.1475868500816)
(4, 0.05, 28.79118818842278, 2600.4612139676588)
(4, 0.05, 30.17885442608105, 2717.9361557618295)
(4, 0.05, 31.56933302773321, 3192.465505386202)
(4, 0.05, 24.225638599810786, 1787.0756859035005)
(4, 0.05, 31.544137931034484, 3155.1367816091956)
(4, 0.05, 30.328389339513325, 3103.964542294322)
(4, 0.05, 29.355555555555554, 3011.688888888889)
(4, 0.05, 31.612080845199817, 3543.523886081764)
(4, 0.05, 27.55439235320892, 2447.9490213928084)
(4, 0.05, 31.706239775648516, 3611.5557373218044)
(4, 0.05, 33.06501477608548, 3499.250056831098)
(4, 0.05, 29.37233538607295, 2692.6063477025104)
(4, 0.05, 32.955788514129445, 3377.820419325433)
(4, 0.05, 24.541891574747712, 1645.8904013142455)
(4, 0.05, 31.265822784810126, 3015.281933256617)
(4, 0.05, 29.181818181818183, 2921.0963119567773)
(4, 0.05, 30.62984586641756, 3009.4126576366184)
(4, 0.05, 31.57028204540243, 3255.661545517083)
(4, 0.05, 30.665739452943903, 3092.7417709782103)
(4, 0.05, 31.690954773869347, 3489.8622658748286)
(4, 0.05, 32.19259595730184, 3379.6275266863504)
(4, 0.05, 30.817601135557133, 3536.167967825881)
(4, 0.05, 33.129379436684225, 4073.88229906114)
(4, 0.05, 32.86445647271087, 3514.8107803337844)
(4, 0.05, 33.87400500341142, 3756.64180122811)
(4, 0.05, 35.20400093044894, 4071.5063968364734)
(4, 0.05, 31.33691243140062, 3527.5139584824624)
(4, 0.05, 30.940432382704692, 3317.9192732290708)
(4, 0.05, 32.02988559420967, 3452.421667055802)
(4, 0.05, 31.195571955719558, 3470.139298892989)
(4, 0.05, 30.57051282051282, 3007.4679487179487)
(4, 0.05, 31.182096584216726, 3551.8817432273263)
(4, 0.05, 31.917193140794225, 3482.4826263537907)
(4, 0.05, 33.44444444444444, 3252.947005121354)
(4, 0.05, 34.829257142857145, 4478.628114285714)
(4, 0.05, 28.39156626506024, 2961.617238183503)
(4, 0.05, 32.05856379270276, 3400.1491982337902)
(4, 0.05, 32.016211208893004, 3014.526632700324)
(4, 0.05, 29.07024988213107, 2465.4898632720415)
(4, 0.05, 32.418837209302325, 4020.6258139534884)
(4, 0.05, 26.477777777777778, 2170.427186761229)
(4, 0.05, 31.037945395650162, 3053.2383155946322)
(4, 0.05, 34.86665152203544, 4383.482280781463)
(4, 0.05, 31.74481658692185, 3744.500797448166)
(4, 0.05, 28.38337236533958, 2791.939344262295)
(4, 0.05, 31.305912007332722, 2760.3150779101743)
(4, 0.05, 30.94900784494693, 2767.5)
(4, 0.05, 31.513179379519478, 3200.133659902029)
(4, 0.05, 32.07360111446482, 3287.624100301834)
(4, 0.05, 33.30382939692731, 3752.475120385233)
(4, 0.05, 27.588756706321437, 2371.745976207138)
(4, 0.05, 30.39498289623717, 2902.750285062714)
(4, 0.05, 31.725138121546962, 3540.149631675875)
(4, 0.05, 29.26125290023202, 2569.2728538283063)
(4, 0.05, 32.555657985710994, 3806.651071675501)
(4, 0.05, 30.443058443058444, 3011.5717255717254)
(4, 0.05, 30.464182102209328, 2935.313099754519)
(4, 0.05, 34.29580022701476, 3875.794551645857)
(4, 0.05, 30.741447521526645, 3077.5731905980915)
(4, 0.05, 32.508716323296355, 3547.385782205117)
(4, 0.05, 27.654251581166548, 2563.964394471773)
(4, 0.05, 32.20559472367523, 3453.497839435979)
(4, 0.05, 29.421627906976745, 2848.5402325581395)
(4, 0.05, 31.93474222015792, 3606.1497909893174)
(4, 0.05, 32.32359758924432, 3221.9383402874364)
(4, 0.05, 31.945089997721578, 3122.5393028024605)
(4, 0.05, 29.961042008918096, 2899.963858249237)
(4, 0.05, 32.24516275893467, 3777.9988618256316)
(4, 0.05, 33.03911642890014, 3761.170271514036)
(4, 0.05, 29.233798946645294, 2653.0968628348983)
(4, 0.05, 30.255889899696758, 2860.8954980172616)
(4, 0.05, 30.830114942528734, 3546.8554022988505)
(4, 0.05, 33.670888991248276, 3574.686549976969)
(4, 0.05, 28.132801501642422, 2613.2135147817926)
(4, 0.05, 29.468133363574506, 2898.871172601497)
(4, 0.05, 32.957393483709275, 3549.9927090453407)
(4, 0.05, 30.197365380171018, 3253.393113011324)
(4, 0.05, 31.793362127756307, 3417.041827688111)
(4, 0.05, 30.82, 3011.804651162791)
(4, 0.05, 29.34003234003234, 2852.70662970663)
(4, 0.05, 31.534000931532372, 3122.6611551001397)
(4, 0.05, 28.6877030162413, 2659.738283062645)
(4, 0.05, 31.074890879852976, 3293.1189983919135)
(4, 0.05, 32.23834917690702, 3550.890795270114)
(4, 0.05, 30.477906976744187, 3019.6867441860463)
(4, 0.05, 31.263549662712258, 3387.6682949523147)
(4, 0.05, 29.146803652968035, 2860.162328767123)
(4, 0.05, 34.31704005431093, 4647.195971939353)
(4, 0.05, 31.43493389004871, 3582.0552076084437)
(4, 0.05, 28.05479768786127, 2475.5563005780346)
(4, 0.05, 33.14782608695652, 3766.6141876430206)
(4, 0.05, 33.04211490043488, 3379.2279697871368)
(4, 0.05, 31.78596008258775, 3234.961459050241)
(4, 0.05, 30.415037243947857, 3096.1678305400374)
(4, 0.05, 30.020246683732836, 3163.012101466139)
(4, 0.05, 29.72926772926773, 2653.387387387387)
(4, 0.05, 30.61357404021938, 3095.8324954296163)
(4, 0.05, 32.693863479659846, 3493.151689266835)
(4, 0.05, 31.693693693693692, 3136.288288288288)
(4, 0.05, 30.775799086757992, 2936.8301369863016)
(4, 0.05, 35.25160256410256, 4407.6875)
(4, 0.05, 32.49988592288387, 3660.719370294319)
(4, 0.05, 30.063741339491916, 2933.1140877598154)
(4, 0.05, 33.09066059225513, 3965.628701594533)
(4, 0.05, 26.137232059645854, 2097.076654240447)
(4, 0.05, 32.0474537037037, 3304.138657407407)
(4, 0.05, 30.86485859990728, 3025.1286509040333)
(4, 0.05, 32.3380058783631, 3771.935564096767)
(4, 0.05, 30.83375840482263, 3063.782517968931)
(4, 0.05, 25.664952069207388, 1886.276595744681)
(4, 0.05, 31.22315592903828, 3158.483660130719)
(4, 0.05, 32.2074774982691, 3669.1449342257097)
(4, 0.05, 32.68663489902428, 3496.91853868845)
(4, 0.05, 30.661104847801578, 2869.701916572717)
(4, 0.05, 33.19875633348687, 3535.653846153846)
(4, 0.05, 31.019437457123257, 3055.249485479076)
(4, 0.05, 27.567374250115368, 2352.8239501615135)
(4, 0.05, 33.923617407071625, 4000.606754306437)
(4, 0.05, 27.401666666666667, 2294.3416666666667)
(4, 0.05, 31.21095703568993, 3275.0213684928394)
(4, 0.05, 29.706975676916016, 2812.945617255622)
(4, 0.05, 31.845857854232683, 3679.8363512901765)
(4, 0.05, 26.921096149303096, 2324.4821639499173)
(4, 0.05, 33.79896791563832, 3779.991474085708)
(4, 0.05, 27.531475029036006, 2568.259930313589)
(4, 0.05, 31.60364727608495, 2956.3243305632504)
(4, 0.05, 30.76564641388762, 3217.7519415258107)
(4, 0.05, 31.70727231016288, 3220.311539343886)
(4, 0.05, 35.05377808032675, 4233.275697753574)
(4, 0.05, 30.49538745387454, 2830.987084870849)
(4, 0.05, 27.402999062792876, 2426.8711340206187)
(4, 0.05, 29.622039859320047, 2757.117467760844)
(4, 0.05, 29.661751152073734, 2656.1870967741934)
(4, 0.05, 31.454819277108435, 2993.086422613531)
(4, 0.05, 31.777055792068115, 3491.0811113600716)
(4, 0.05, 32.05949074074074, 3069.959953703704)
(4, 0.05, 23.861567339277336, 1749.1088690755514)
(4, 0.05, 29.919753086419753, 3130.0052583447646)
(4, 0.05, 30.37239278181392, 3003.570892898992)
(4, 0.05, 27.92685714285714, 2353.8752)
(4, 0.05, 30.850746268656717, 3176.236473880597)
(4, 0.05, 30.034790569924468, 2993.655298695354)
(4, 0.05, 28.679121905651563, 2503.580102755722)
(4, 0.05, 32.02091859936335, 3703.156434743065)
(4, 0.05, 32.9262577532736, 3390.017459223524)
(4, 0.05, 29.51546152057661, 2906.144617530807)
(4, 0.05, 34.42912400455062, 3916.6657565415244)
(4, 0.05, 30.030779912057394, 3003.240222170794)
(4, 0.05, 31.122803064443442, 3003.0840468679585)
(4, 0.05, 29.646749084249084, 3053.628891941392)
(4, 0.05, 29.52934326967862, 2644.9587796925944)
(4, 0.05, 29.291818181818183, 2597.9445454545453)
(4, 0.05, 28.105250709555346, 2527.948675496689)
(4, 0.05, 29.07976878612717, 3073.5717919075146)
(4, 0.05, 31.503866885399578, 3583.1842043590345)
(4, 0.05, 29.160303587856486, 2801.1115455381787)
(4, 0.05, 32.53904455672944, 3898.8086816720256)
(4, 0.05, 26.149011299435028, 2078.3039077212807)
(4, 0.05, 30.158788435061954, 2899.4635153740246)
(4, 0.05, 30.593345656192238, 2874.0817929759705)
(4, 0.05, 29.629336437718276, 2949.2395809080326)
(4, 0.05, 33.107371794871796, 3400.671474358974)
(4, 0.05, 31.0092980009298, 3126.2073454207343)
(4, 0.05, 30.253807106598984, 2928.3077988001846)
(4, 0.05, 30.407894736842106, 3304.7241458910435)
(4, 0.05, 31.296219455970494, 2813.417012448133)
(4, 0.05, 29.325532412824714, 2367.478586473204)
(4, 0.05, 29.87358184764992, 2967.166473720769)
(4, 0.05, 31.29993214204931, 3276.7149966071024)
(4, 0.05, 30.799442896935933, 3423.644382544104)
(4, 0.05, 33.98293357933579, 3717.515221402214)
(4, 0.05, 29.37034417727487, 2889.3198962753418)
(4, 0.05, 27.156578639869128, 2314.6064501051646)
(4, 0.05, 32.33209215731906, 3499.9178496625555)
(4, 0.05, 29.67867867867868, 2665.6001386001385)
(4, 0.05, 30.89591507039003, 2851.9704592660974)
(4, 0.05, 29.53903002309469, 2720.29792147806)
(4, 0.05, 32.462768387391506, 3729.945180447693)
(4, 0.05, 32.338582677165356, 3233.37120359955)
(4, 0.05, 29.33484812245874, 2967.6323845969864)
(4, 0.05, 33.08164206642066, 4164.462638376383)
(4, 0.05, 28.801062846580407, 2714.5371996303143)
(4, 0.05, 32.43065524426951, 3247.7277147487844)
(4, 0.05, 28.570232558139534, 2906.2037209302325)
(4, 0.05, 30.18465909090909, 2771.1676136363635)
(4, 0.05, 30.665743305632503, 3217.049399815328)
(4, 0.05, 29.145890410958906, 2712.4481735159816)
(4, 0.05, 29.117207564791034, 2763.9203829091757)
(4, 0.05, 25.241151486550258, 1896.9499764039642)
(4, 0.05, 32.76678848789402, 3876.722476016446)
(4, 0.05, 26.73511486169714, 2311.071729957806)
(4, 0.05, 31.763673655423883, 2992.8461713764814)
(4, 0.05, 32.46666666666667, 3357.462988505747)
(4, 0.05, 32.788600794206964, 4007.7528614809626)
(4, 0.05, 32.850881156800725, 4062.5431540894715)
(4, 0.05, 22.96707721459024, 1568.7032212221695)
(4, 0.05, 32.66522036994748, 3845.576844028317)
(4, 0.05, 33.44118993135012, 3996.122196796339)
(4, 0.05, 30.136258124419683, 2941.38974001857)
(4, 0.05, 27.96883056011249, 2676.5486290133585)
(4, 0.05, 29.41445670030509, 2795.999765313307)
(4, 0.05, 32.2767816091954, 3556.2758620689656)
(4, 0.05, 28.340362136144854, 2402.9614943845977)
(4, 0.05, 31.068761384335154, 3135.0113843351546)
(4, 0.05, 31.678125735813516, 3322.01718860372)
(4, 0.05, 31.65169846440205, 3266.0193113075848)
(4, 0.05, 30.235591274397244, 3083.245005740528)
(4, 0.05, 27.190214906264288, 1990.9766803840878)
(4, 0.05, 34.493894165535956, 3870.218905472637)
(4, 0.05, 30.58359981726816, 3615.9760164458658)
(4, 0.05, 29.694373102965212, 3264.31029652113)
(4, 0.05, 24.827939835916133, 1713.1501823154056)
(4, 0.05, 30.934032634032633, 3176.0808857808856)
(4, 0.05, 30.117903930131003, 2977.8467019076074)
(4, 0.05, 29.41730279898219, 2789.418690724034)
(4, 0.05, 34.654403311106, 3969.333180041389)
(4, 0.05, 29.498684525233198, 2520.92705094475)
(4, 0.05, 31.843351125551173, 3604.2880018565793)
(4, 0.05, 30.62511542012927, 3235.6989843028623)
(4, 0.05, 31.4503834534046, 3284.6309551475715)
(4, 0.05, 26.79921622867681, 2196.2952973720608)
(4, 0.05, 30.681602172437202, 2907.948404616429)
(4, 0.05, 32.16651355075793, 3671.3001837390907)
(4, 0.05, 30.17252619324796, 2976.395576251455)
(4, 0.05, 26.49510717614166, 2311.5188723205965)
(4, 0.05, 30.94657566486232, 3016.704636385032)
(4, 0.05, 30.995642201834862, 3235.700229357798)
(4, 0.05, 31.802205537306428, 3653.4953073674333)
(4, 0.05, 27.225162488393686, 2430.564531104921)
(4, 0.05, 30.13099930442847, 2931.1993971713423)
(4, 0.05, 30.726748211400878, 3022.233325640434)
(4, 0.05, 30.87932647333957, 2914.815715622077)
(4, 0.05, 30.837048954263388, 3385.6134222017927)
(4, 0.05, 29.801341350601295, 2932.9206753006474)
(4, 0.05, 28.066544286369894, 2616.547957778798)
(4, 0.05, 28.700238095238095, 2595.702619047619)
(4, 0.05, 30.750500333555703, 3045.772070269068)
(4, 0.05, 26.901040462427744, 2383.672832369942)
(4, 0.05, 32.2317158114697, 3720.4100301834224)
(4, 0.05, 28.499211178724362, 2526.6970926301556)
(4, 0.05, 31.66037296037296, 3272.0403263403264)
(4, 0.05, 28.226170863732644, 2291.501765121205)
(4, 0.05, 29.93779564806055, 2970.427861873226)
(4, 0.05, 26.410876132930515, 2348.4568905414826)
(4, 0.05, 30.090635838150288, 2963.4201156069366)
(4, 0.05, 32.6862292051756, 3582.384935304991)
(4, 0.05, 27.61612827163405, 2223.526526762556)
(4, 0.05, 31.64696223316913, 3303.080694346704)
(4, 0.05, 34.21900089206066, 3818.9629794826046)
(4, 0.05, 30.66440598690365, 3622.0727315247896)
(4, 0.05, 32.363129788716044, 3756.209890875319)
(4, 0.05, 28.43947681331748, 2854.3629013079667)
(4, 0.05, 29.461556493202064, 2693.1390060947024)
(4, 0.05, 31.382305752922303, 3515.4538161815267)
(4, 0.05, 30.764050056882823, 3060.2575654152447)
(4, 0.05, 29.553418308227116, 2839.309617612978)
(4, 0.05, 28.071817966342735, 2365.4162123726)
(4, 0.05, 34.93465844185515, 4053.3271647246975)
(4, 0.05, 29.98043375766148, 2881.8875530410182)
(4, 0.05, 31.91435768261965, 3106.825738493245)
(4, 0.05, 33.25155208093815, 3792.2338468613475)
(4, 0.05, 32.06899810964083, 3947.2381852551985)
(4, 0.05, 30.141557835820894, 2880.733442164179)
(4, 0.05, 32.662082957619475, 3276.452434625789)
(4, 0.05, 30.31884393063584, 2969.8920231213874)
(4, 0.05, 31.504925544100804, 3093.3560137457043)
(4, 0.05, 28.07103825136612, 2610.7422586520947)
(4, 0.05, 31.52634011090573, 3608.395563770795)
(4, 0.05, 31.66254011921137, 3267.9967904630903)
(4, 0.05, 32.84894053315106, 3625.029847345637)
(4, 0.05, 28.72322899505766, 2480.154624617557)
(4, 0.05, 25.744102070293692, 1894.7282137698603)
(4, 0.05, 30.47586850081604, 3250.699230589881)
(4, 0.05, 31.198757763975156, 3431.468829077525)
(4, 0.05, 28.648354250532797, 3084.7738574473124)
(4, 0.05, 34.62474507138001, 3787.9472014502608)
(4, 0.05, 27.43362831858407, 2492.719142990219)
(4, 0.05, 30.047738122300522, 2616.2268697431236)
(4, 0.05, 32.51032243099049, 3809.970772442589)
(4, 0.05, 29.246995050671696, 3030.574829130332)
(4, 0.05, 32.09241760774372, 3502.1177690712148)
(4, 0.05, 32.271584826623226, 3547.8019548522225)
(4, 0.05, 30.26763875823142, 2902.6942615239886)
(4, 0.05, 30.504408352668214, 2773.756844547564)
(4, 0.05, 32.31612463042984, 3268.7941778485333)
(4, 0.05, 29.595879185202527, 3119.6773589323343)
(4, 0.05, 32.294117647058826, 3384.052439580483)
(4, 0.05, 31.45549132947977, 3379.070751445087)
(4, 0.05, 32.128568166248, 3273.641242292761)
(4, 0.05, 31.965493443754312, 3627.7437313089486)
(4, 0.05, 29.09372114496768, 2814.577100646353)
(4, 0.05, 32.88105625717566, 3869.213088404133)
(4, 0.05, 30.6865196635599, 3136.055467151625)
(4, 0.05, 31.527251995438995, 3049.0255416191562)
(4, 0.05, 30.86980737990253, 2902.884195869111)
(4, 0.05, 32.19570736210478, 3431.7119778444494)
(4, 0.05, 30.139170506912443, 2735.5115207373274)
(4, 0.05, 32.52737686139748, 3508.234135166094)
(4, 0.05, 27.738077947228273, 2290.077463083999)
(4, 0.05, 31.89406286379511, 3399.7222351571595)
(4, 0.05, 29.5513237343242, 3146.112401300511)
(4, 0.05, 29.26194939081537, 3146.326616682287)
(4, 0.05, 31.735280588776448, 3260.4684912603498)
(4, 0.05, 31.303765303765303, 3704.780780780781)
(4, 0.05, 30.3518951801591, 3215.9115582592417)
(4, 0.05, 31.610410830999065, 3294.609010270775)
(4, 0.05, 32.56604651162791, 3750.9)
(4, 0.05, 30.448626183329484, 3352.7335488339877)
(4, 0.05, 30.829421333953057, 3125.6046943992565)
(4, 0.05, 34.16120218579235, 3904.398907103825)
(4, 0.05, 31.338577130781875, 3292.9140643343508)
(4, 0.05, 34.23503883051622, 3686.5995888533575)
(4, 0.05, 32.15900339750849, 3062.806342015855)
(4, 0.05, 32.345891965501586, 3827.4434861552427)
(4, 0.05, 29.242949607027278, 3087.4093851132684)
(4, 0.05, 31.616355140186915, 3537.0780373831776)
(4, 0.05, 33.53043867502238, 3422.240376007162)
(4, 0.05, 28.233516483516482, 2829.2921245421244)
(4, 0.05, 32.865064695009245, 3367.4195933456563)
(4, 0.05, 30.43212459321246, 3231.0820548582055)
(4, 0.05, 29.40738177623991, 2601.9236447520184)
(4, 0.05, 27.992768836015863, 2407.9876370422207)
(4, 0.05, 24.547147290522798, 1820.0372403915017)
(4, 0.05, 30.445416858590512, 2781.011976047904)
(4, 0.05, 29.419883040935673, 3277.623859649123)
(4, 0.05, 30.534725374489334, 2841.772128915116)
(4, 0.05, 30.13599033816425, 3309.378502415459)
(4, 0.05, 33.597521798990364, 3800.659476824231)
(4, 0.05, 33.23754266211604, 3924.5672354948806)
(4, 0.05, 35.991782698014156, 4320.791600091304)
(4, 0.05, 31.58180167914681, 3178.476741547538)
(4, 0.05, 28.829871645274213, 2819.6597432905482)
(4, 0.05, 31.414895996421382, 2929.235070454037)
(4, 0.05, 30.13758700696056, 2731.669837587007)
(4, 0.05, 34.876874148114496, 3761.3357564743296)
(4, 0.05, 32.37517531556802, 3441.508415147265)
(4, 0.05, 27.24353297599627, 2401.715217897926)
(4, 0.05, 32.88005421278518, 3606.161734809126)
(4, 0.05, 32.25834105653383, 3572.849629286376)
(4, 0.05, 31.824759220108056, 3393.162320883251)
(4, 0.05, 33.24345251651105, 3910.1908449100433)
(4, 0.05, 29.954348322300845, 2774.4008217301985)
(4, 0.05, 31.13017479300828, 3162.532658693652)
(4, 0.05, 32.012655261307714, 3494.8657136161237)
(4, 0.05, 29.514418604651162, 2516.6362790697676)
(4, 0.05, 26.974791859389455, 2236.7796022201665)
(4, 0.05, 29.71355853771402, 2615.331328088848)
(4, 0.05, 29.046784973496198, 2717.7345010371055)
(4, 0.05, 30.322528363047002, 3052.912942810836)
(4, 0.05, 28.083052479537795, 2644.587626384208)
(4, 0.05, 28.717465364524188, 2578.263229616171)
(4, 0.05, 25.624137110211855, 1896.311116400857)
(4, 0.05, 29.320128972823582, 2739.4467987102717)
(4, 0.05, 30.509128726600416, 2979.8791310376705)
(4, 0.05, 30.135409294644962, 2898.485963670677)
(4, 0.05, 29.632963046928133, 2865.203128542281)
(4, 0.05, 29.636048125867653, 2812.4449329014346)
(4, 0.05, 26.331618334892422, 2029.765668849392)
(4, 0.05, 28.62158984007526, 2584.8802916274694)
(4, 0.05, 33.14451901565995, 3542.088143176734)
(4, 0.05, 28.543564587713153, 2429.7909366970334)
(4, 0.05, 31.823116518483857, 3244.5245671502107)
(4, 0.05, 29.039990590449307, 2435.9362502940485)
(4, 0.05, 29.59762348555452, 2664.404240447344)
(4, 0.05, 30.270612620912022, 2977.5746199907876)
(4, 0.05, 30.879972407449987, 3417.328351345137)
(4, 0.05, 32.879255560599184, 3801.4030866999547)
(4, 0.05, 32.838367535162554, 3534.4842056721236)
(4, 0.05, 29.891695906432748, 2878.9943859649125)
(4, 0.05, 29.824277456647398, 3130.8129479768786)
(4, 0.05, 30.08495090203243, 2869.4236126969627)
(4, 0.05, 28.842373667130275, 3359.089012517385)
(4, 0.05, 31.6061865189289, 3627.509695290859)
(4, 0.05, 30.19573778086634, 3088.667824878388)
(4, 0.05, 31.908627087198514, 3359.513450834879)
(4, 0.05, 25.963207547169812, 2079.7622641509433)
(4, 0.05, 29.127521446788776, 2699.715047530721)
(4, 0.05, 31.931939605110337, 3269.6801393728224)
(4, 0.05, 30.583102493074794, 2923.8905817174514)
(4, 0.05, 29.973074221493796, 2896.6960899086866)
(4, 0.05, 23.69736529788749, 1851.8730121053882)
(4, 0.05, 34.25849710982659, 4056.7500578034683)
(4, 0.05, 31.327610208816704, 3451.383758700696)
(4, 0.05, 32.54102920723227, 3912.954102920723)
(4, 0.05, 26.331507501786138, 2551.783281733746)
(4, 0.05, 29.806265837364663, 2856.4586500806267)
(4, 0.05, 30.298517520215633, 2726.6022012578615)
(4, 0.05, 31.911607142857143, 3509.68125)
(4, 0.05, 34.287895800583875, 3733.2144621603416)
(4, 0.05, 30.44853283651607, 3132.3879832324174)
(4, 0.05, 28.604857543204112, 2560.22466137319)
(4, 0.05, 29.860922659430123, 2630.8392130257803)
(4, 0.05, 33.43928488507081, 3349.9370791734386)
(4, 0.05, 29.359634745961134, 2809.191055958792)
(4, 0.05, 31.6913551937629, 3501.6890621417106)
(4, 0.05, 34.205680256527714, 4198.911131470453)
(4, 0.05, 31.353048641242292, 3020.2290477277916)
(4, 0.05, 32.517922794117645, 3807.8920036764707)
(4, 0.05, 29.559159859976663, 3023.4028004667443)
(4, 0.05, 30.323868882733148, 2734.4517543859647)
(4, 0.05, 29.4978175970595, 2854.5297495979785)
(4, 0.05, 25.098205854579792, 2076.2776203966005)
(4, 0.05, 28.882770030725595, 3062.266839990546)
(4, 0.05, 31.960882419831705, 3334.419376847851)
(4, 0.05, 30.116764361078545, 3589.446189917937)
(4, 0.05, 33.323236994219656, 3092.5384971098265)
(4, 0.05, 26.980269266480967, 2572.4185236768803)
(4, 0.05, 29.097939337809677, 3148.1268812225053)
(4, 0.05, 32.06366955727978, 3324.822227293473)
(4, 0.05, 31.90835030549898, 3431.04344874406)
(4, 0.05, 28.32563074746522, 2542.71468993162)
(4, 0.05, 32.3780657103193, 3818.7977788061085)
(4, 0.05, 30.419554739499656, 3043.8971769566215)
(4, 0.05, 30.756380510440835, 3052.0556844547564)
(4, 0.05, 33.15790686952513, 3739.0071461503)
(4, 0.05, 33.49636032757052, 3443.758416742493)
(4, 0.05, 24.0629123468426, 1863.50589066918)
(4, 0.05, 31.87370786516854, 3130.494382022472)
(4, 0.05, 30.138003748828492, 2948.907450796626)
