(4, 0.05, 8.346444780635402, 163.4357034795764)
(4, 0.1, 9.27766732935719, 193.53611663353215)
(4, 0.15, 14.901375059269796, 610.3864390706495)
(4, 0.2, 46.87516469038208, 7159.381093544137)
(4, 0.05, 8.126038781163436, 158.2590027700831)
(4, 0.1, 9.655294953802416, 210.82942430703625)
(4, 0.15, 12.86327578161456, 365.3560429304713)
(4, 0.2, 44.01234979973298, 5284.542389853137)
(4, 0.05, 7.663421418636996, 145.70514603616132)
(4, 0.1, 9.162125340599456, 187.78065395095368)
(4, 0.15, 14.89186733303044, 517.3598364379827)
(4, 0.2, 42.60579608938548, 5066.445181564246)
(4, 0.05, 7.506122448979592, 143.38639455782314)
(4, 0.1, 9.833105335157319, 208.72093023255815)
(4, 0.15, 12.893838862559242, 388.69763033175354)
(4, 0.2, 44.66473000683527, 5964.117908407382)
(4, 0.05, 8.3015214384509, 162.39280774550485)
(4, 0.1, 9.512228260869565, 201.88722826086956)
(4, 0.15, 13.624649859943977, 440.0924369747899)
(4, 0.2, 45.357950765136394, 6935.662009314704)
(4, 0.05, 7.129655172413793, 135.93241379310345)
(4, 0.1, 9.572708476912474, 201.4252239834597)
(4, 0.15, 14.05771050141911, 489.0321665089877)
(4, 0.2, 45.24125995154033, 6032.236760124611)
(4, 0.05, 8.032592592592593, 154.28444444444443)
(4, 0.1, 9.529778393351801, 199.4702216066482)
(4, 0.15, 15.544424297370806, 586.6187669990934)
(4, 0.2, 43.682277628032345, 6512.857479784367)
(4, 0.05, 8.182572614107883, 159.31120331950208)
(4, 0.1, 8.77961432506887, 176.1749311294766)
(4, 0.15, 13.85213830755232, 453.08416742493176)
(4, 0.2, 43.39164138860802, 5400.0030333670375)
(4, 0.05, 7.769230769230769, 149.34405594405595)
(4, 0.1, 9.391304347826088, 206.29832775919732)
(4, 0.15, 14.369524697110904, 527.7833178005592)
(4, 0.2, 44.99318801089918, 5985.228882833788)
(4, 0.05, 7.901504787961696, 150.30095759233927)
(4, 0.1, 9.853725222146275, 208.71086807928913)
(4, 0.15, 18.80710659898477, 1168.892939547762)
(4, 0.2, 48.13062908215882, 7043.3090409075285)
(4, 0.05, 8.404199475065617, 162.5564304461942)
(4, 0.1, 9.140548137737175, 187.48208011243852)
(4, 0.15, 14.384684684684684, 490.5243243243243)
(4, 0.2, 45.16228220020499, 6452.832251451999)
(4, 0.05, 8.267313019390581, 161.5803324099723)
(4, 0.1, 9.073720136518771, 186.76655290102389)
(4, 0.15, 13.527239150507848, 417.3287165281625)
(4, 0.2, 46.76093489148581, 6304.33489148581)
(4, 0.05, 8.43019943019943, 163.1908831908832)
(4, 0.1, 9.613013698630137, 194.12671232876713)
(4, 0.15, 15.164051994621246, 529.2250112057374)
(4, 0.2, 44.88881424252603, 6281.132683909977)
(4, 0.05, 7.435630689206762, 142.0260078023407)
(4, 0.1, 9.463617463617464, 195.2058212058212)
(4, 0.15, 14.787671232876713, 517.2634703196347)
(4, 0.2, 45.69487525286581, 7100.247808496291)
(4, 0.05, 8.034023668639053, 152.35059171597632)
(4, 0.1, 9.600264725347452, 209.3103904698875)
(4, 0.15, 14.288275862068966, 479.7696551724138)
(4, 0.2, 42.46666666666667, 5467.64703891709)
(4, 0.05, 8.06515580736544, 152.69405099150143)
(4, 0.1, 9.86353631694791, 205.93543653705063)
(4, 0.15, 13.307549791570171, 402.6007410838351)
(4, 0.2, 40.773538676933846, 3877.8081904095206)
(4, 0.05, 7.6882758620689655, 142.72827586206895)
(4, 0.1, 9.465679676985195, 200.70390309555856)
(4, 0.15, 16.85414767547858, 775.1221513217866)
(4, 0.2, 44.5477508650519, 5917.322837370242)
(4, 0.05, 8.303571428571429, 162.78983516483515)
(4, 0.1, 9.674873280231717, 215.69080376538741)
(4, 0.15, 14.287683823529411, 474.3023897058824)
(4, 0.2, 43.36897847625555, 5375.839767680219)
(4, 0.05, 8.617794486215539, 169.78070175438597)
(4, 0.1, 9.041374474053296, 188.01753155680225)
(4, 0.15, 13.283302063789868, 400.41181988742966)
(4, 0.2, 46.878610729023386, 6338.501031636863)
(4, 0.05, 7.923836389280677, 150.3638928067701)
(4, 0.1, 9.124324324324323, 186.72432432432433)
(4, 0.15, 17.19067405355494, 913.2830101569714)
(4, 0.2, 42.63720770288858, 5361.190165061898)
(4, 0.05, 7.98358413132695, 153.22298221614227)
(4, 0.1, 9.24116847826087, 201.5631793478261)
(4, 0.15, 14.43245735361918, 466.00368833563857)
(4, 0.2, 49.03671562082777, 7588.670226969292)
(4, 0.05, 8.105409153952843, 155.0374479889043)
(4, 0.1, 9.859407305306686, 222.05099931082012)
(4, 0.15, 17.290235081374323, 887.4240506329114)
(4, 0.2, 43.21003460207613, 5356.796193771626)
(4, 0.05, 8.441700960219478, 163.1358024691358)
(4, 0.1, 9.484697508896797, 201.5188612099644)
(4, 0.15, 15.920787545787546, 607.9729853479854)
(4, 0.2, 46.686851211072664, 6642.578200692042)
(4, 0.05, 8.403047091412743, 170.4667590027701)
(4, 0.1, 9.133916554508748, 191.21601615074024)
(4, 0.15, 15.763302752293578, 666.1504587155963)
(4, 0.2, 45.29861780777885, 6378.550305368049)
(4, 0.05, 8.15007012622721, 155.49368863955118)
(4, 0.1, 9.418975069252078, 190.23614958448752)
(4, 0.15, 14.112792297111417, 433.03805593764326)
(4, 0.2, 46.3164812942366, 6430.847657566565)
(4, 0.05, 7.541838134430727, 142.78189300411523)
(4, 0.1, 10.213323883770375, 236.83982990786677)
(4, 0.15, 13.636655948553054, 410.1116214974736)
(4, 0.2, 42.18496709386907, 6004.825770696224)
(4, 0.05, 7.607661822985469, 146.82034346103038)
(4, 0.1, 9.791014295439075, 209.23144996596324)
(4, 0.15, 15.736611062335381, 614.0517998244073)
(4, 0.2, 42.583389601620524, 5025.318703578663)
(4, 0.05, 8.218259629101285, 158.91440798858773)
(4, 0.1, 10.207783182765809, 235.37665045170257)
(4, 0.15, 13.872261072261072, 422.0820512820513)
(4, 0.2, 46.008783783783784, 6026.332432432432)
(4, 0.05, 7.7972602739726025, 148.64109589041095)
(4, 0.1, 9.353813559322035, 190.3524011299435)
(4, 0.15, 13.548141086749284, 398.83126787416586)
(4, 0.2, 46.210762331838566, 5608.70196619524)
(4, 0.05, 7.739304812834225, 145.78475935828877)
(4, 0.1, 9.05641748942172, 186.80394922425953)
(4, 0.15, 14.625673249551166, 529.6840215439856)
(4, 0.2, 46.623420962785936, 6425.888699214749)
(4, 0.05, 7.909454061251664, 154.271637816245)
(4, 0.1, 8.723783413296779, 173.6860863605209)
(4, 0.15, 14.378515444905487, 457.14015675426464)
(4, 0.2, 43.06237424547284, 5502.867203219316)
(4, 0.05, 8.20877659574468, 156.29388297872342)
(4, 0.1, 9.446764091858038, 198.4864300626305)
(4, 0.15, 13.450869769628586, 394.05547719793134)
(4, 0.2, 43.213531353135316, 5689.428712871287)
(4, 0.05, 8.212765957446809, 154.0936170212766)
(4, 0.1, 9.351259360108918, 190.03335602450647)
(4, 0.15, 13.392463235294118, 408.0579044117647)
(4, 0.2, 45.575008242664026, 6726.106495219255)
(4, 0.05, 7.630434782608695, 147.4002557544757)
(4, 0.1, 9.66759581881533, 200.39512195121952)
(4, 0.15, 17.53569844789357, 802.6044345898005)
(4, 0.2, 42.52797802952283, 6156.791623755578)
(4, 0.05, 8.293103448275861, 157.39367816091954)
(4, 0.1, 9.535374149659864, 198.09047619047618)
(4, 0.15, 13.731543624161073, 417.5418344519016)
(4, 0.2, 44.12765229295003, 5909.51916495551)
(4, 0.05, 8.713305898491084, 168.05486968449932)
(4, 0.1, 9.327814569536423, 192.65364238410595)
(4, 0.15, 14.004557885141294, 460.4311759343665)
(4, 0.2, 43.72950268817204, 5665.908938172043)
(4, 0.05, 8.382039573820396, 167.30745814307457)
(4, 0.1, 9.184011026878014, 190.03859407305308)
(4, 0.15, 16.31520778072502, 680.421308576481)
(4, 0.2, 41.90222222222222, 4900.367863247863)
(4, 0.05, 7.767313019390581, 145.73961218836564)
(4, 0.1, 9.557665260196906, 199.02883263009846)
(4, 0.15, 13.412914961346067, 410.6662119145066)
(4, 0.2, 42.89827060020346, 5456.983045100034)
(4, 0.05, 8.304895104895104, 163.90769230769232)
(4, 0.1, 9.826001313197636, 208.1306631648063)
(4, 0.15, 14.314311594202898, 486.161231884058)
(4, 0.2, 46.208177172061326, 6003.019761499148)
(4, 0.05, 7.686943620178042, 142.41394658753708)
(4, 0.1, 8.956140350877194, 177.64619883040936)
(4, 0.15, 18.24411508282476, 798.6791630340017)
(4, 0.2, 43.65397574123989, 5949.350067385445)
(4, 0.05, 7.793539325842697, 155.4761235955056)
(4, 0.1, 9.430379746835444, 212.2618254497002)
(4, 0.15, 13.533909877105144, 407.1115157032317)
(4, 0.2, 41.451099830795265, 5243.773265651438)
(4, 0.05, 8.235460992907802, 162.57872340425533)
(4, 0.1, 9.313658201784488, 192.4653397391901)
(4, 0.15, 13.209259259259259, 414.6740740740741)
(4, 0.2, 42.1010441226002, 6226.338834624453)
(4, 0.05, 8.367142857142857, 160.50428571428571)
(4, 0.1, 9.408901251738525, 195.3546592489569)
(4, 0.15, 15.035438437074058, 532.5801908223535)
(4, 0.2, 41.09142857142857, 5156.658487394958)
(4, 0.05, 8.075445816186557, 156.5610425240055)
(4, 0.1, 9.47143840330351, 205.06951135581556)
(4, 0.15, 14.719871205151794, 573.1982520699172)
(4, 0.2, 46.042324487739336, 6552.289553241519)
(4, 0.05, 8.764705882352942, 171.24623803009575)
(4, 0.1, 9.24446032880629, 195.96211579699786)
(4, 0.15, 15.190082644628099, 555.6005509641873)
(4, 0.2, 36.83044382801664, 3809.485783633842)
(4, 0.05, 7.848523748395379, 148.2053915275995)
(4, 0.1, 9.631613756613756, 200.16997354497354)
(4, 0.15, 15.003654636820466, 553.8761991777067)
(4, 0.2, 43.20764288129861, 6071.1298613459585)
(4, 0.05, 8.25706594885599, 156.0578734858681)
(4, 0.1, 9.590006844626968, 206.92060232717316)
(4, 0.15, 13.878883385862224, 431.83295812696986)
(4, 0.2, 44.44304217867818, 6607.911657256725)
(4, 0.05, 7.662087912087912, 142.26373626373626)
(4, 0.1, 8.687099073414112, 173.2416250890948)
(4, 0.15, 13.831858407079647, 453.022356776898)
(4, 0.2, 48.74520363513968, 8061.09390777516)
(4, 0.05, 8.11873350923483, 154.92084432717678)
(4, 0.1, 9.750352609308885, 203.3187588152327)
(4, 0.15, 14.030331311245916, 499.59449370041995)
(4, 0.2, 47.21491825613079, 6848.382493188011)
(4, 0.05, 8.03501400560224, 151.27591036414566)
(4, 0.1, 9.24485450674237, 189.71469127040453)
(4, 0.15, 16.939090909090908, 763.2263636363637)
(4, 0.2, 44.97186440677966, 5123.897288135593)
(4, 0.05, 7.807580174927113, 147.30903790087464)
(4, 0.1, 9.29100145137881, 193.0645863570392)
(4, 0.15, 13.342883548983364, 447.84750462107206)
(4, 0.2, 40.448360083740404, 4783.530006978367)
(4, 0.05, 7.436834094368341, 135.67123287671234)
(4, 0.1, 9.845988538681949, 212.38180515759313)
(4, 0.15, 16.032593933906746, 614.8329560887279)
(4, 0.2, 41.44020442930153, 5397.762521294719)
(4, 0.05, 7.573294629898403, 142.7866473149492)
(4, 0.1, 9.12396694214876, 189.6473829201102)
(4, 0.15, 15.874830546769092, 625.7817442385901)
(4, 0.2, 45.75742067553736, 5574.898328215626)
(4, 0.05, 8.43053645116919, 163.47317744154057)
(4, 0.1, 9.019444444444444, 181.49444444444444)
(4, 0.15, 13.399088838268792, 432.9088838268793)
(4, 0.2, 43.91891891891892, 5680.416082749416)
(4, 0.05, 8.157469717362046, 157.0807537012113)
(4, 0.1, 9.289473684210526, 189.84423897581792)
(4, 0.15, 12.210100047641735, 350.7656026679371)
(4, 0.2, 45.18289384719405, 6828.514874915483)
(4, 0.05, 8.181564245810057, 160.5)
(4, 0.1, 9.542635658914728, 195.33121916842848)
(4, 0.15, 13.902372262773723, 462.9945255474453)
(4, 0.2, 44.938129996524154, 6701.405283281196)
(4, 0.05, 8.046109510086456, 156.29106628242076)
(4, 0.1, 9.401656314699792, 194.91166321601105)
(4, 0.15, 15.347048300536672, 549.2066189624329)
(4, 0.2, 44.174932975871315, 5843.414879356568)
(4, 0.05, 8.200284090909092, 159.5809659090909)
(4, 0.1, 9.609909281228193, 198.7739009071877)
(4, 0.15, 15.079365079365079, 529.738775510204)
(4, 0.2, 42.38118976404121, 5252.448321701562)
(4, 0.05, 8.139726027397261, 156.8082191780822)
(4, 0.1, 9.349726775956285, 195.08333333333334)
(4, 0.15, 14.970940959409594, 614.804889298893)
(4, 0.2, 42.21944444444444, 4931.053472222222)
(4, 0.05, 8.383426966292134, 163.24859550561797)
(4, 0.1, 8.665961945031713, 176.57011980267794)
(4, 0.15, 14.662947466294746, 551.911668991167)
(4, 0.2, 44.888510057961135, 5698.798499829526)
(4, 0.05, 7.7704011065006915, 152.01106500691563)
(4, 0.1, 9.298683298683299, 193.55925155925155)
(4, 0.15, 13.204033771106943, 403.9863977485929)
(4, 0.2, 44.13913913913914, 5725.584584584584)
(4, 0.05, 8.450068399452805, 163.65389876880985)
(4, 0.1, 9.372575250836121, 195.09163879598663)
(4, 0.15, 13.426338228327806, 412.013737565135)
(4, 0.2, 41.93839192481727, 4991.207448659938)
(4, 0.05, 8.509065550906556, 170.86889818688982)
(4, 0.1, 9.51106500691563, 202.3713692946058)
(4, 0.15, 15.265724703737465, 589.757064721969)
(4, 0.2, 44.86657681940701, 5623.818733153639)
(4, 0.05, 7.778688524590164, 147.95355191256832)
(4, 0.1, 9.445333333333334, 194.568)
(4, 0.15, 14.927699954812471, 530.3366470854045)
(4, 0.2, 46.06700507614213, 6557.182402707276)
(4, 0.05, 7.714082503556188, 148.48790896159318)
(4, 0.1, 9.25623268698061, 189.10249307479225)
(4, 0.15, 12.622815087396503, 362.61177552897885)
(4, 0.2, 47.42904953145917, 6541.392235609103)
(4, 0.05, 8.1419185282523, 153.21419185282522)
(4, 0.1, 9.500333555703802, 197.16277518345564)
(4, 0.15, 18.545494699646643, 1004.1179328621909)
(4, 0.2, 47.552005438477224, 6481.444595513256)
(4, 0.05, 7.778761061946903, 146.90855457227138)
(4, 0.1, 9.15478615071283, 191.7929395790903)
(4, 0.15, 13.341407678244973, 382.1887568555759)
(4, 0.2, 43.00855285665412, 5597.384878549436)
(4, 0.05, 7.719727891156462, 149.7170068027211)
(4, 0.1, 9.258549931600546, 189.55403556771546)
(4, 0.15, 14.643337819650068, 498.41363840287124)
(4, 0.2, 43.344897959183676, 5462.069387755102)
(4, 0.05, 8.138222849083215, 160.83779971791256)
(4, 0.1, 9.27781617138908, 195.19903248099516)
(4, 0.15, 13.292113859076062, 445.11759216052263)
(4, 0.2, 46.79048271140021, 5420.985621362547)
(4, 0.05, 8.163001293661061, 156.6287192755498)
(4, 0.1, 9.438659058487875, 189.5485021398003)
(4, 0.15, 12.525519848771266, 330.14366729678636)
(4, 0.2, 47.458444148936174, 7119.266289893617)
(4, 0.05, 8.059888579387186, 150.31337047353762)
(4, 0.1, 9.925501432664756, 230.43982808022923)
(4, 0.15, 13.263921385119327, 407.7487131492747)
(4, 0.2, 45.72739230516277, 6127.9733640249915)
(4, 0.05, 8.070460704607045, 158.84823848238483)
(4, 0.1, 9.244035446489434, 188.34832992501705)
(4, 0.15, 12.886289190453907, 356.51380439868973)
(4, 0.2, 44.54846179292094, 5601.800860072775)
(4, 0.05, 8.31586402266289, 160.72096317280455)
(4, 0.1, 8.635481635481636, 170.3083853083853)
(4, 0.15, 16.733659404179637, 687.1818586038239)
(4, 0.2, 43.71879334257975, 5301.083564493759)
(4, 0.05, 8.785714285714286, 174.07951482479785)
(4, 0.1, 9.562676056338027, 193.66408450704225)
(4, 0.15, 13.455182072829132, 455.9939309056956)
(4, 0.2, 45.46971235194585, 5970.922165820643)
(4, 0.05, 7.623906705539358, 145.6530612244898)
(4, 0.1, 8.956434316353887, 188.55965147453082)
(4, 0.15, 15.837273991655076, 634.7867408437645)
(4, 0.2, 41.62938970337538, 5146.81043300375)
(4, 0.05, 7.89875173370319, 152.71428571428572)
(4, 0.1, 9.3095567867036, 189.9549861495845)
(4, 0.15, 13.829856281872972, 477.21696801112654)
(4, 0.2, 44.18779986291981, 5119.682659355723)
(4, 0.05, 8.149410222804718, 158.96985583224117)
(4, 0.1, 8.914572864321608, 179.3883704235463)
(4, 0.15, 13.849791376912378, 462.1131200741771)
(4, 0.2, 48.4188829787234, 6745.764627659574)
(4, 0.05, 7.900680272108843, 152.3251700680272)
(4, 0.1, 9.26388888888889, 200.53333333333333)
(4, 0.15, 15.22078501338091, 530.2261373773416)
(4, 0.2, 42.00135501355014, 4868.789295392954)
(4, 0.05, 7.947969543147208, 149.5266497461929)
(4, 0.1, 9.432305630026809, 193.42828418230562)
(4, 0.15, 13.272516248839368, 410.14531104921076)
(4, 0.2, 45.74757281553398, 6080.06026113157)
(4, 0.05, 8.291066282420749, 162.15273775216139)
(4, 0.1, 9.09460458240946, 190.4441980783444)
(4, 0.15, 15.460740072202166, 570.9715703971119)
(4, 0.2, 46.94568906992532, 6757.303462321792)
(4, 0.05, 8.333781965006729, 162.8721399730821)
(4, 0.1, 9.196969696969697, 188.8870523415978)
(4, 0.15, 13.186938002839565, 441.5238996687175)
(4, 0.2, 43.45229924502402, 5596.617021276596)
(4, 0.05, 7.604225352112676, 143.21830985915494)
(4, 0.1, 9.158819395643008, 191.85453267744202)
(4, 0.15, 15.432521087160262, 594.139175257732)
(4, 0.2, 45.96917922948074, 6257.669011725293)
(4, 0.05, 8.69971671388102, 175.1586402266289)
(4, 0.1, 9.749665327978581, 205.83534136546186)
(4, 0.15, 14.44901691815272, 500.6145404663923)
(4, 0.2, 45.570797962648555, 5844.118845500849)
(4, 0.05, 8.358516483516484, 162.40521978021977)
(4, 0.1, 8.81184668989547, 183.3554006968641)
(4, 0.15, 15.920358152686145, 612.2521206409048)
(4, 0.2, 39.43012580754845, 4468.2298537912275)
(4, 0.05, 7.937759336099585, 156.1258644536653)
(4, 0.1, 8.977713874910137, 190.58519051042416)
(4, 0.15, 14.657598499061914, 548.8921200750469)
(4, 0.2, 44.0993745656706, 6748.67616400278)
(4, 0.05, 8.471232876712328, 166.2958904109589)
(4, 0.1, 9.157249829816202, 190.85908781484002)
(4, 0.15, 14.489967335510967, 537.870275314979)
(4, 0.2, 42.51113394998287, 5175.516957862282)
(4, 0.05, 8.784203102961918, 172.6064880112835)
(4, 0.1, 9.231292517006803, 187.90884353741495)
(4, 0.15, 14.610655737704919, 500.7190346083789)
(4, 0.2, 45.13204401467156, 7983.506835611871)
(4, 0.05, 8.045336787564766, 156.8484455958549)
(4, 0.1, 9.03886925795053, 180.71802120141342)
(4, 0.15, 15.009191176470589, 535.4770220588235)
(4, 0.2, 44.724409448818896, 6233.911674084217)
(4, 0.05, 7.55425219941349, 136.35777126099705)
(4, 0.1, 9.807270233196158, 207.63991769547326)
(4, 0.15, 14.231261425959781, 464.9744058500914)
(4, 0.2, 43.37202987101154, 5460.264086897488)
(4, 0.05, 8.08641975308642, 149.6556927297668)
(4, 0.1, 9.257553956834533, 190.8863309352518)
(4, 0.15, 14.310344827586206, 565.1048653755314)
(4, 0.2, 40.07780082987552, 4426.837828492393)
(4, 0.05, 8.430678466076696, 160.92330383480825)
(4, 0.1, 9.713291579679888, 210.51496172581767)
(4, 0.15, 13.18256880733945, 400.6981651376147)
(4, 0.2, 44.19820717131474, 6131.121845949535)
(4, 0.05, 8.205442176870749, 164.76054421768708)
(4, 0.1, 9.702127659574469, 210.09196980096087)
(4, 0.15, 14.833029197080291, 525.2153284671533)
(4, 0.2, 45.261506989430615, 6642.516195022162)
(4, 0.05, 7.5272479564032695, 141.81607629427793)
(4, 0.1, 9.583088235294118, 198.9110294117647)
(4, 0.15, 14.861909175162188, 569.1325301204819)
(4, 0.2, 39.32984469952735, 4461.508777852802)
(4, 0.05, 7.535367545076283, 142.6893203883495)
(4, 0.1, 8.843905915894512, 180.36208125445475)
(4, 0.15, 14.994066636239161, 537.1848471017801)
(4, 0.2, 43.124787487249236, 5530.439986399184)
(4, 0.05, 8.649867374005305, 175.3183023872679)
(4, 0.1, 9.2336578581363, 191.1001390820584)
(4, 0.15, 15.26928343222273, 642.706983112734)
(4, 0.2, 41.517391304347825, 5512.467892976589)
(4, 0.05, 8.417948717948718, 159.71025641025642)
(4, 0.1, 9.320610687022901, 192.32685634975712)
(4, 0.15, 13.997673336435552, 439.0679385760819)
(4, 0.2, 47.54352094240838, 7132.173102094241)
(4, 0.05, 8.294277929155314, 160.8910081743869)
(4, 0.1, 9.445908460471568, 198.25866851595006)
(4, 0.15, 17.44214317874831, 835.4637550652859)
(4, 0.2, 47.3780487804878, 6493.378048780488)
(4, 0.05, 7.7785419532324624, 143.31361760660246)
(4, 0.1, 9.964714184897671, 218.1609033168666)
(4, 0.15, 15.5252119589469, 593.1789379741188)
(4, 0.2, 41.947997189037245, 4395.089248067463)
(4, 0.05, 7.991913746630728, 153.5202156334232)
(4, 0.1, 9.95687331536388, 213.89487870619945)
(4, 0.15, 13.446579194001874, 411.54967197750705)
(4, 0.2, 45.97936726272352, 5840.235900962861)
(4, 0.05, 7.662568306010929, 144.85109289617486)
(4, 0.1, 9.762937062937063, 215.28741258741258)
(4, 0.15, 15.146062271062272, 556.2614468864468)
(4, 0.2, 41.98304486047333, 4659.494878134935)
(4, 0.05, 7.762829403606102, 149.44660194174756)
(4, 0.1, 9.065972222222221, 185.82569444444445)
(4, 0.15, 15.744865358283889, 723.2656321314469)
(4, 0.2, 42.88623163648787, 5205.329689101469)
(4, 0.05, 8.160442600276625, 158.87966804979254)
(4, 0.1, 9.52450980392157, 199.02450980392157)
(4, 0.15, 16.251396648044693, 728.2877094972067)
(4, 0.2, 41.19432918395574, 4257.632088520056)
(4, 0.05, 7.792503346720214, 148.59571619812584)
(4, 0.1, 9.529737206085754, 202.06362378976488)
(4, 0.15, 13.414439756211909, 401.0431317393343)
(4, 0.2, 46.47096774193548, 6536.581663837012)
(4, 0.05, 7.878744650499287, 149.8530670470756)
(4, 0.1, 9.606951871657754, 205.20320855614975)
(4, 0.15, 13.959165154264973, 443.04990925589834)
(4, 0.2, 42.492806958849116, 5278.884242221478)
(4, 0.05, 9.005540166204986, 179.42936288088643)
(4, 0.1, 9.320115356885363, 198.20980533525594)
(4, 0.15, 14.40976933514247, 479.359565807327)
(4, 0.2, 43.509986684420774, 5847.715712383489)
(4, 0.05, 7.845505617977528, 153.85393258426967)
(4, 0.1, 9.368885869565217, 201.0577445652174)
(4, 0.15, 15.852809991079393, 639.314005352364)
(4, 0.2, 44.057296932928885, 6761.01921132457)
(4, 0.05, 8.460296096904441, 167.56123822341857)
(4, 0.1, 9.69056068133428, 202.78353442157558)
(4, 0.15, 14.534069981583794, 471.804788213628)
(4, 0.2, 42.83576158940397, 5001.10463576159)
(4, 0.05, 8.18872870249017, 156.35386631716906)
(4, 0.1, 9.033970276008493, 178.43807501769285)
(4, 0.15, 14.84587488667271, 531.675430643699)
(4, 0.2, 36.48041594454073, 3669.8703639514733)
(4, 0.05, 8.438896189224705, 168.56504599211564)
(4, 0.1, 9.419847328244275, 193.03400416377517)
(4, 0.15, 20.738746690203, 1237.1297440423655)
(4, 0.2, 42.23998653651969, 5796.012453719286)
(4, 0.05, 8.473833097595474, 163.48656294200848)
(4, 0.1, 9.238888888888889, 192.25277777777777)
(4, 0.15, 14.863534675615213, 542.0733780760627)
(4, 0.2, 43.41810199257008, 4707.4653833164475)
(4, 0.05, 7.998637602179836, 152.0967302452316)
(4, 0.1, 9.770734996628455, 208.67970330411327)
(4, 0.15, 15.314221218961626, 553.4153498871332)
(4, 0.2, 42.93970189701897, 5515.828590785908)
(4, 0.05, 8.222067039106145, 160.85055865921788)
(4, 0.1, 9.904166666666667, 211.0236111111111)
(4, 0.15, 16.357498867240597, 769.9487992750339)
(4, 0.2, 44.492123287671234, 5493.970890410959)
(4, 0.05, 7.35177304964539, 138.1886524822695)
(4, 0.1, 9.479772888573457, 195.1958836053939)
(4, 0.15, 15.051918735891649, 577.827539503386)
(4, 0.2, 43.079958100558656, 5528.026187150838)
(4, 0.05, 7.616343490304709, 140.6246537396122)
(4, 0.1, 9.454230235783633, 196.52080443828018)
(4, 0.15, 15.52007136485281, 648.1454058876003)
(4, 0.2, 42.83327719770967, 5098.722802290334)
(4, 0.05, 8.623465211459754, 169.60845839017736)
(4, 0.1, 9.811409395973154, 206.04093959731543)
(4, 0.15, 14.805709023941068, 543.9788213627993)
(4, 0.2, 45.923432343234325, 6868.7683168316835)
(4, 0.05, 8.557814485387548, 169.04574332909783)
(4, 0.1, 9.296296296296296, 193.13602693602692)
(4, 0.15, 16.02916105877075, 627.7151188873935)
(4, 0.2, 45.76468624833111, 6405.966955941255)
(4, 0.05, 7.834625322997416, 149.44702842377262)
(4, 0.1, 9.676215856095936, 204.1772151898734)
(4, 0.15, 12.798177676537586, 374.22141230068337)
(4, 0.2, 45.075778546712804, 6001.313148788928)
(4, 0.05, 8.696169088507265, 166.3210039630119)
(4, 0.1, 9.260086455331413, 185.62319884726224)
(4, 0.15, 14.191440404970088, 459.8334100322135)
(4, 0.2, 44.030080213903744, 6587.260695187166)
(4, 0.05, 8.153846153846153, 158.9065934065934)
(4, 0.1, 9.485935302390999, 196.93037974683546)
(4, 0.15, 13.669391462306994, 418.77747502270665)
(4, 0.2, 47.681354817494245, 7672.281815192371)
(4, 0.05, 8.513959390862944, 166.61040609137055)
(4, 0.1, 9.482384823848239, 219.89430894308944)
(4, 0.15, 14.685372585096596, 535.9521619135235)
(4, 0.2, 43.39274924471299, 6108.448808324942)
(4, 0.05, 8.351744186046512, 158.86918604651163)
(4, 0.1, 9.225947521865889, 186.26093294460642)
(4, 0.15, 16.574567554932212, 782.6418887330528)
(4, 0.2, 44.80741989881956, 6460.126138279932)
(4, 0.05, 8.245179063360881, 156.12947658402203)
(4, 0.1, 9.420106524633821, 201.41744340878827)
(4, 0.15, 14.117538176770013, 457.14206385932437)
(4, 0.2, 47.54106776180698, 6887.720396988364)
(4, 0.05, 7.964285714285714, 151.3543956043956)
(4, 0.1, 9.552973342447027, 220.03280929596718)
(4, 0.15, 14.057075471698113, 491.96084905660376)
(4, 0.2, 47.78646934460888, 6243.417195207893)
(4, 0.05, 7.5488126649076515, 143.79419525065964)
(4, 0.1, 9.524292965917331, 200.27701232777375)
(4, 0.15, 14.374832064487236, 504.2404836542768)
(4, 0.2, 40.37473976405274, 4152.19708535739)
(4, 0.05, 8.718446601941748, 176.24133148404994)
(4, 0.1, 9.057602143335567, 185.27059611520428)
(4, 0.15, 16.820027063599458, 714.6666666666666)
(4, 0.2, 43.36847356168939, 5809.307283006318)
(4, 0.05, 8.723988439306359, 172.85115606936415)
(4, 0.1, 9.757554462403373, 201.53127196064654)
(4, 0.15, 13.70098730606488, 444.4212505876822)
(4, 0.2, 41.99526547176192, 5219.309435238417)
(4, 0.05, 8.565656565656566, 168.77056277056278)
(4, 0.1, 9.27450980392157, 189.94523326572008)
(4, 0.15, 14.394093216428242, 507.8117212736502)
(4, 0.2, 39.49651046859422, 4621.624127617149)
(4, 0.05, 8.291436464088397, 160.06767955801104)
(4, 0.1, 9.150943396226415, 186.66037735849056)
(4, 0.15, 16.183494293239683, 625.7892888498683)
(4, 0.2, 46.7266913497139, 6381.353416358129)
(4, 0.05, 7.352765321375187, 142.9970104633782)
(4, 0.1, 9.703851261620185, 201.58831341301462)
(4, 0.15, 12.803123521060105, 356.7491717936583)
(4, 0.2, 44.43938356164384, 5338.417465753425)
(4, 0.05, 7.563662374821173, 146.16165951359085)
(4, 0.1, 9.72526690391459, 202.11957295373665)
(4, 0.15, 12.91464552238806, 396.879197761194)
(4, 0.2, 46.52450331125828, 6743.265562913907)
(4, 0.05, 8.173387096774194, 153.41263440860214)
(4, 0.1, 9.65164198325821, 208.94591113972956)
(4, 0.15, 16.384615384615383, 691.0052747252747)
(4, 0.2, 44.088866532528506, 5771.657612340711)
(4, 0.05, 7.7574931880108995, 148.77384196185287)
(4, 0.1, 9.650856389986824, 207.1014492753623)
(4, 0.15, 13.157870154133583, 392.176085941149)
(4, 0.2, 48.58109919571046, 6781.23726541555)
(4, 0.05, 8.4375, 162.1193181818182)
(4, 0.1, 9.449046679815911, 197.439842209073)
(4, 0.15, 16.0322432058959, 735.5421464762782)
(4, 0.2, 42.93619176232276, 5786.838960162053)
(4, 0.05, 8.15258855585831, 160.141689373297)
(4, 0.1, 9.31046431046431, 199.38946638946638)
(4, 0.15, 14.529249193919853, 497.7627821280516)
(4, 0.2, 46.47148288973384, 6950.400967853439)
(4, 0.05, 8.09820193637621, 156.00691562932226)
(4, 0.1, 9.249253731343284, 191.58656716417912)
(4, 0.15, 12.547169811320755, 355.3258168430741)
(4, 0.2, 41.222970697204445, 5062.405860559111)
(4, 0.05, 8.080381471389646, 153.2057220708447)
(4, 0.1, 8.709335219236209, 172.75884016973126)
(4, 0.15, 18.22982991713912, 937.9306585259485)
(4, 0.2, 43.255276381909546, 5733.737688442211)
(4, 0.05, 8.923180592991914, 178.50808625336927)
(4, 0.1, 9.326615705350939, 193.67407922168172)
(4, 0.15, 14.112244897959183, 464.9823747680891)
(4, 0.2, 44.532051282051285, 5501.2911605937925)
(4, 0.05, 8.15725806451613, 156.68413978494624)
(4, 0.1, 9.485294117647058, 190.84893048128342)
(4, 0.15, 13.193234476367007, 406.70018535681186)
(4, 0.2, 42.57961131946812, 4810.441186498466)
(4, 0.05, 8.309895833333334, 159.4609375)
(4, 0.1, 9.742393509127789, 207.3786342123056)
(4, 0.15, 14.328025477707007, 481.0805277525023)
(4, 0.2, 39.80075059706585, 4661.089730467417)
(4, 0.05, 8.329971181556196, 162.22910662824208)
(4, 0.1, 9.58967201674808, 207.14166085136077)
(4, 0.15, 14.056061987237921, 464.53008204193253)
(4, 0.2, 43.05740181268882, 5498.48204095334)
(4, 0.05, 8.161865569272976, 159.8161865569273)
(4, 0.1, 9.887182910547397, 215.45594125500668)
(4, 0.15, 14.149814471243042, 452.90120593692023)
(4, 0.2, 42.90128465179175, 6019.799188640974)
(4, 0.05, 7.586111111111111, 145.51388888888889)
(4, 0.1, 9.602832097100473, 210.15981119352662)
(4, 0.15, 13.908421537045559, 463.22641509433964)
(4, 0.2, 46.9132635842052, 6690.2625717178535)
(4, 0.05, 7.594632768361582, 140.7132768361582)
(4, 0.1, 9.408870408870408, 198.77130977130977)
(4, 0.15, 12.997165800661314, 400.34152102031175)
(4, 0.2, 43.74579759862779, 5651.431560891938)
(4, 0.05, 7.329971181556196, 140.73342939481267)
(4, 0.1, 9.604895104895105, 197.21888111888111)
(4, 0.15, 13.57072072072072, 405.9851351351351)
(4, 0.2, 43.98628728145355, 5207.359616043881)
(4, 0.05, 8.305479452054794, 157.66164383561645)
(4, 0.1, 9.102511880515953, 184.26883910386965)
(4, 0.15, 15.806177260519249, 598.9529991047449)
(4, 0.2, 42.46781842818428, 5698.662940379404)
(4, 0.05, 7.841292134831461, 151.25421348314606)
(4, 0.1, 9.615331491712707, 197.4164364640884)
(4, 0.15, 14.54249883882954, 530.4300975383186)
(4, 0.2, 44.20268907563025, 5832.493781512605)
(4, 0.05, 8.125854993160054, 154.29001367989056)
(4, 0.1, 9.150544959128066, 182.07016348773843)
(4, 0.15, 14.917321016166282, 588.533025404157)
(4, 0.2, 44.13726158038147, 5989.499659400545)
(4, 0.05, 7.670470756062768, 144.43509272467904)
(4, 0.1, 9.759602649006622, 204.77682119205298)
(4, 0.15, 14.903576278859212, 508.85559076505206)
(4, 0.2, 42.59187101108498, 5366.542156533423)
(4, 0.05, 8.474964234620886, 164.08869814020028)
(4, 0.1, 9.01728907330567, 184.11272475795298)
(4, 0.15, 15.84271671134942, 610.1867739052726)
(4, 0.2, 45.075747282608695, 5837.397078804348)
(4, 0.05, 8.93019943019943, 173.519943019943)
(4, 0.1, 9.16580310880829, 185.9459659511473)
(4, 0.15, 12.95886524822695, 397.17825059101654)
(4, 0.2, 40.493980048159614, 4477.464740282077)
(4, 0.05, 7.68843537414966, 145.02448979591836)
(4, 0.1, 9.549896765313145, 205.0984170681349)
(4, 0.15, 14.973611111111111, 584.5791666666667)
(4, 0.2, 45.52600198741305, 6270.79529645578)
(4, 0.05, 8.063172043010752, 151.03629032258064)
(4, 0.1, 9.174636174636175, 190.7075537075537)
(4, 0.15, 12.630980577925154, 354.49076267171955)
(4, 0.2, 41.712205270457694, 5048.6775312066575)
(4, 0.05, 7.554131054131054, 138.54273504273505)
(4, 0.1, 9.618852459016393, 211.60655737704917)
(4, 0.15, 15.022150438394092, 555.7964928472543)
(4, 0.2, 46.71854521625164, 5832.01867627785)
(4, 0.05, 8.585978835978835, 165.755291005291)
(4, 0.1, 9.43915343915344, 194.85714285714286)
(4, 0.15, 13.984897025171625, 439.4384439359268)
(4, 0.2, 46.054771505376344, 6762.366599462365)
(4, 0.05, 8.189606741573034, 159.9761235955056)
(4, 0.1, 9.269614835948644, 190.4450784593438)
(4, 0.15, 13.541451990632318, 435.79250585480094)
(4, 0.2, 46.18773171553758, 6107.74216380182)
(4, 0.05, 7.773472429210134, 148.86736214605068)
(4, 0.1, 10.130815913688469, 213.60080917060014)
(4, 0.15, 14.582366589327146, 582.3596287703016)
(4, 0.2, 45.56081317910971, 5911.405187521907)
(4, 0.05, 8.055478502080444, 154.44382801664355)
(4, 0.1, 9.301644031451037, 196.0807719799857)
(4, 0.15, 14.977179370150616, 570.6795983569147)
(4, 0.2, 43.05762144053601, 5749.81608040201)
(4, 0.05, 8.35213204951857, 169.15818431911967)
(4, 0.1, 10.29559748427673, 221.12438853948288)
(4, 0.15, 15.873703202525936, 588.064050518719)
(4, 0.2, 41.238956521739134, 4800.011130434783)
(4, 0.05, 8.184319119669876, 160.77854195323246)
(4, 0.1, 9.243148278285313, 196.5516514406184)
(4, 0.15, 14.472718936267768, 514.0160476845484)
(4, 0.2, 42.03938356164384, 6095.110616438356)
(4, 0.05, 8.370420624151967, 162.34871099050204)
(4, 0.1, 9.457084468664851, 198.94891008174386)
(4, 0.15, 16.890183774092336, 760.0555804571941)
(4, 0.2, 45.97963410424577, 5920.469105971695)
(4, 0.05, 8.298465829846583, 159.60111576011158)
(4, 0.1, 9.227210884353742, 188.16598639455782)
(4, 0.15, 15.143693693693693, 555.0328828828829)
(4, 0.2, 43.30462681526512, 5358.123269165822)
(4, 0.05, 7.513440860215054, 145.79301075268816)
(4, 0.1, 10.008855585831062, 210.21049046321525)
(4, 0.15, 13.05110173464604, 355.66619784341304)
(4, 0.2, 50.69103773584906, 7799.598045822102)
(4, 0.05, 8.052341597796143, 152.84848484848484)
(4, 0.1, 9.420279720279721, 191.44545454545454)
(4, 0.15, 13.355183635518364, 436.8224081822408)
(4, 0.2, 46.45170068027211, 5729.662585034013)
(4, 0.05, 8.437853107344633, 167.30790960451978)
(4, 0.1, 8.807220708446867, 186.90122615803816)
(4, 0.15, 16.660307119590506, 777.7175430432759)
(4, 0.2, 44.570746675758606, 6176.409819297647)
(4, 0.05, 7.971870604781997, 152.66947960618847)
(4, 0.1, 9.174035087719298, 189.59649122807016)
(4, 0.15, 13.480428704566636, 405.0256290773532)
(4, 0.2, 39.87096774193548, 4819.049731182796)
(4, 0.05, 8.214088397790055, 161.5511049723757)
(4, 0.1, 9.75624577987846, 207.83592167454424)
(4, 0.15, 13.488689915174364, 439.26908576814327)
(4, 0.2, 38.49023638232271, 4552.092154847551)
(4, 0.05, 7.8885630498533725, 153.30791788856305)
(4, 0.1, 9.141421392677675, 186.65183058147883)
(4, 0.15, 15.509477577438743, 716.2417938049006)
(4, 0.2, 42.108688245315165, 5159.510391822828)
(4, 0.05, 8.803788903924222, 173.7212449255751)
(4, 0.1, 9.722298221614228, 206.7578659370725)
(4, 0.15, 14.0218945487042, 447.59830205540663)
(4, 0.2, 47.55785953177258, 6446.860869565217)
(4, 0.05, 7.966906474820144, 152.6748201438849)
(4, 0.1, 9.673342541436464, 208.53936464088397)
(4, 0.15, 13.345144960883571, 403.15370455591346)
(4, 0.2, 42.55240401245244, 5510.048080249048)
(4, 0.05, 8.755043227665706, 167.34005763688762)
(4, 0.1, 9.297297297297296, 189.6)
(4, 0.15, 13.986936936936937, 489.3644144144144)
(4, 0.2, 48.07237715803453, 6780.718459495352)
(4, 0.05, 7.889655172413793, 150.06344827586207)
(4, 0.1, 8.953061224489796, 174.47142857142856)
(4, 0.15, 14.429487179487179, 515.2362637362637)
(4, 0.2, 42.28356164383562, 5489.4513698630135)
(4, 0.05, 8.594972067039107, 163.81284916201116)
(4, 0.1, 9.619080301990392, 195.64378860672616)
(4, 0.15, 12.654196642685852, 370.7654676258993)
(4, 0.2, 47.08665749656121, 6478.014442916094)
(4, 0.05, 8.006738544474393, 152.76415094339623)
(4, 0.1, 9.308327598072953, 188.64211975223674)
(4, 0.15, 15.848798869524257, 782.7192651907678)
(4, 0.2, 41.437541974479515, 4654.133982538617)
(4, 0.05, 8.019635343618514, 152.95652173913044)
(4, 0.1, 10.005376344086022, 214.1438172043011)
(4, 0.15, 13.553082985628187, 415.3592953175707)
(4, 0.2, 46.87075058902727, 6713.694042409963)
(4, 0.05, 8.449793672627235, 171.58596973865198)
(4, 0.1, 9.891042780748663, 214.8616310160428)
(4, 0.15, 15.171255249650024, 524.2249183387775)
(4, 0.2, 47.255837224816545, 6696.2071380920615)
(4, 0.05, 8.53641456582633, 166.2422969187675)
(4, 0.1, 9.947586206896553, 208.0951724137931)
(4, 0.15, 14.93850390087196, 553.0715924736118)
(4, 0.2, 44.2981843575419, 5533.798184357542)
(4, 0.05, 8.543509272467903, 164.66619115549216)
(4, 0.1, 9.388504155124654, 198.28462603878117)
(4, 0.15, 16.58337161231052, 758.044097381718)
(4, 0.2, 43.79917041133771, 6157.407881092292)
(4, 0.05, 7.905579399141631, 155.6623748211731)
(4, 0.1, 9.150177935943061, 190.24483985765124)
(4, 0.15, 13.793453204241587, 439.691101890272)
(4, 0.2, 41.627655986509275, 5479.787521079258)
(4, 0.05, 7.8933143669985775, 155.45234708392604)
(4, 0.1, 9.410364145658264, 197.99299719887955)
(4, 0.15, 15.730209281164695, 716.0696087352138)
(4, 0.2, 45.28777703156481, 5020.264942914708)
(4, 0.05, 8.093444909344491, 158.3528591352859)
(4, 0.1, 10.247639796659405, 224.58896151053014)
(4, 0.15, 14.5997375328084, 495.3530183727034)
(4, 0.2, 46.38927507447865, 7323.753061900033)
(4, 0.05, 7.3561643835616435, 134.45753424657534)
(4, 0.1, 9.633891213389122, 216.33960948396094)
(4, 0.15, 14.116075541225241, 453.8093044679871)
(4, 0.2, 42.57132842621802, 4970.75569575885)
(4, 0.05, 8.265013054830288, 156.80026109660574)
(4, 0.1, 9.21523178807947, 193.3066225165563)
(4, 0.15, 13.511425959780622, 413.35054844606947)
(4, 0.2, 41.736423382912484, 5029.19612590799)
(4, 0.05, 7.867801047120419, 146.7264397905759)
(4, 0.1, 9.910738255033557, 206.66510067114095)
(4, 0.15, 18.841248303934872, 1029.870646766169)
(4, 0.2, 43.434541299379696, 5596.985308521058)
(4, 0.05, 7.729196050775741, 145.311706629055)
(4, 0.1, 8.960488505747126, 176.1831896551724)
(4, 0.15, 14.683796296296297, 559.7180555555556)
(4, 0.2, 45.06572295247725, 6022.161105493765)
(4, 0.05, 7.6979768786127165, 151.03901734104045)
(4, 0.1, 9.509831460674157, 195.69241573033707)
(4, 0.15, 13.59906103286385, 420.75962441314556)
(4, 0.2, 43.4733155436958, 5786.552034689793)
(4, 0.05, 7.787087912087912, 145.92445054945054)
(4, 0.1, 9.594668489405331, 208.30690362269308)
(4, 0.15, 13.146698113207547, 409.602358490566)
(4, 0.2, 43.43139931740615, 5489.97133105802)
(4, 0.05, 8.845481049562682, 171.8804664723032)
(4, 0.1, 9.620615604867574, 210.56406585540444)
(4, 0.15, 15.049746660525104, 518.541225241824)
(4, 0.2, 39.70590277777778, 4651.6767361111115)
(4, 0.05, 7.817021276595745, 151.38297872340425)
(4, 0.1, 9.303135888501743, 199.7240418118467)
(4, 0.15, 14.525079078174423, 495.0637144148215)
(4, 0.2, 47.5987239758227, 7007.961383478845)
(4, 0.05, 8.027624309392266, 154.61049723756906)
(4, 0.1, 9.134965034965035, 189.67762237762238)
(4, 0.15, 15.957514846962082, 607.3197807217907)
(4, 0.2, 43.171052631578945, 5099.367728531856)
(4, 0.05, 7.693965517241379, 146.308908045977)
(4, 0.1, 9.343839541547277, 193.89541547277938)
(4, 0.15, 16.271332694151486, 746.9769894534995)
(4, 0.2, 45.84507535927094, 5883.385208552401)
(4, 0.05, 7.762210796915167, 146.83419023136247)
(4, 0.1, 9.138947368421052, 181.0757894736842)
(4, 0.15, 13.7384684281236, 415.8575906851769)
(4, 0.2, 41.45704347826087, 5251.945391304348)
(4, 0.05, 8.63563829787234, 166.85106382978722)
(4, 0.1, 9.747887323943662, 214.97464788732395)
(4, 0.15, 15.803465572275421, 615.7350661194711)
(4, 0.2, 44.32145258910558, 5460.788836583725)
(4, 0.05, 7.894101876675603, 152.5402144772118)
(4, 0.1, 9.306584362139917, 205.22565157750344)
(4, 0.15, 13.979591836734693, 458.7424036281179)
(4, 0.2, 45.86299965835326, 6142.377519644688)
(4, 0.05, 7.871485943775101, 149.98125836680055)
(4, 0.1, 9.802301963439405, 202.90182802979012)
(4, 0.15, 15.450023030861354, 650.9479502533395)
(4, 0.2, 42.90264586160109, 5679.889755766621)
(4, 0.05, 8.335180055401661, 163.03047091412742)
(4, 0.1, 9.800919842312746, 208.73915900131405)
(4, 0.15, 13.79058070416095, 445.6835848193873)
(4, 0.2, 41.8760816891658, 4669.319487712011)
(4, 0.05, 8.206802721088435, 161.0204081632653)
(4, 0.1, 9.968647942521228, 224.9653821032005)
(4, 0.15, 15.011210762331839, 561.8076233183856)
(4, 0.2, 44.960481099656356, 5947.414089347079)
(4, 0.05, 8.444743935309972, 160.84366576819406)
(4, 0.1, 9.637047163362952, 209.60423786739577)
(4, 0.15, 13.618571428571428, 431.1795238095238)
(4, 0.2, 42.98170731707317, 5000.403116531165)
(4, 0.05, 8.006887052341598, 152.28787878787878)
(4, 0.1, 9.492652204338698, 198.54793561931422)
(4, 0.15, 14.341541267669859, 505.20519835841316)
(4, 0.2, 43.382948986722575, 6070.939203354298)
(4, 0.05, 7.738441215323646, 145.23910171730515)
(4, 0.1, 8.86224125624554, 185.4361170592434)
(4, 0.15, 13.830285982184716, 448.17909048288794)
(4, 0.2, 45.04960053262317, 6273.045605858855)
(4, 0.05, 8.316556291390729, 154.358940397351)
(4, 0.1, 8.890832750174948, 181.66759972008398)
(4, 0.15, 14.83685942642219, 532.0084626234133)
(4, 0.2, 39.38793394000674, 4348.395011796428)
(4, 0.05, 7.85473411154345, 151.284046692607)
(4, 0.1, 9.751758087201125, 211.10478199718705)
(4, 0.15, 14.25924192793636, 495.92325690219934)
(4, 0.2, 44.953395472703065, 5880.122503328895)
(4, 0.05, 7.846896551724138, 151.4055172413793)
(4, 0.1, 9.600677966101696, 204.52271186440677)
(4, 0.15, 14.469600725952812, 542.4632486388384)
(4, 0.2, 45.398562561254494, 6628.269519764783)
(4, 0.05, 8.481268011527378, 172.12391930835736)
(4, 0.1, 9.42468619246862, 192.28382147838215)
(4, 0.15, 15.89054054054054, 600.0923423423424)
(4, 0.2, 43.04826388888889, 4878.672569444445)
(4, 0.05, 7.9356643356643355, 152.34405594405595)
(4, 0.1, 9.916499665998664, 210.8383433533734)
(4, 0.15, 14.132584269662921, 499.8934831460674)
(4, 0.2, 43.022372881355935, 5705.137627118644)
(4, 0.05, 8.069333333333333, 157.09333333333333)
(4, 0.1, 9.247334754797441, 190.76972281449895)
(4, 0.15, 14.88888888888889, 533.6440756108806)
(4, 0.2, 47.25389459728207, 6624.766655618164)
(4, 0.05, 8.258191349934469, 161.30668414154653)
(4, 0.1, 8.65465032444124, 173.13914924297043)
(4, 0.15, 14.230479774223895, 461.244590780809)
(4, 0.2, 43.48432760364004, 5046.486686889114)
(4, 0.05, 8.397506925207756, 162.53047091412742)
(4, 0.1, 9.841463414634147, 218.00135501355012)
(4, 0.15, 11.72596843615495, 305.37589670014347)
(4, 0.2, 43.55163134880592, 5168.938109653549)
(4, 0.05, 8.159420289855072, 155.4584980237154)
(4, 0.1, 9.06083916083916, 190.34615384615384)
(4, 0.15, 12.45866417561887, 349.03129378794955)
(4, 0.2, 44.45454545454545, 6009.544776119403)
(4, 0.05, 7.9944055944055945, 151.8041958041958)
(4, 0.1, 9.15939015939016, 182.93624393624393)
(4, 0.15, 15.086617781851512, 635.0417048579285)
(4, 0.2, 45.838053982005995, 6112.463178940353)
(4, 0.05, 7.87378640776699, 148.82801664355063)
(4, 0.1, 9.812543554006968, 211.9170731707317)
(4, 0.15, 14.286175115207373, 483.01981566820274)
(4, 0.2, 47.74218487394958, 6713.102857142857)
(4, 0.05, 8.836512261580381, 174.34059945504086)
(4, 0.1, 10.17014122394082, 221.2165433759247)
(4, 0.15, 14.411872986654394, 455.37735849056605)
(4, 0.2, 43.26097312010888, 5464.183735964614)
(4, 0.05, 8.870921985815603, 174.2808510638298)
(4, 0.1, 9.07607950651131, 190.11925976696367)
(4, 0.15, 14.785939612438035, 501.2311852185669)
(4, 0.2, 43.27552728490124, 6218.159357214597)
(4, 0.05, 8.429378531073446, 159.3728813559322)
(4, 0.1, 9.287562904385334, 189.25161754133717)
(4, 0.15, 14.681776556776557, 572.6149267399268)
(4, 0.2, 46.72629815745394, 6574.909212730318)
(4, 0.05, 8.301783264746227, 159.30864197530863)
(4, 0.1, 8.775408670931059, 176.92750533049042)
(4, 0.15, 14.600273473108478, 482.90018231540563)
(4, 0.2, 44.885714285714286, 5827.458503401361)
(4, 0.05, 8.018705035971223, 155.5208633093525)
(4, 0.1, 9.160112359550562, 185.2134831460674)
(4, 0.15, 14.154160982264665, 470.83083219645295)
(4, 0.2, 42.51930894308943, 5317.203590785908)
(4, 0.05, 8.771232876712329, 174.43424657534246)
(4, 0.1, 9.607578676942838, 219.3917790622993)
(4, 0.15, 14.60267034990792, 515.4636279926335)
(4, 0.2, 43.58973487423521, 5611.203602991162)
(4, 0.05, 8.369032258064516, 165.43483870967742)
(4, 0.1, 9.1006993006993, 189.9216783216783)
(4, 0.15, 14.34688221709007, 559.1210161662817)
(4, 0.2, 48.190332326283986, 6706.422625041961)
(4, 0.05, 8.005442176870748, 152.15238095238095)
(4, 0.1, 9.835393623942746, 211.71307742355236)
(4, 0.15, 13.588422971741112, 431.29671832269827)
(4, 0.2, 43.38739669421488, 5599.043732782369)
(4, 0.05, 8.619310344827586, 166.6937931034483)
(4, 0.1, 9.76984656437625, 202.9759839893262)
(4, 0.15, 13.251975825197583, 401.0437006043701)
(4, 0.2, 45.54779661016949, 6015.740338983051)
(4, 0.05, 7.977777777777778, 152.55555555555554)
(4, 0.1, 9.964912280701755, 213.7978947368421)
(4, 0.15, 14.269447047797563, 530.1794751640113)
(4, 0.2, 41.58053461274846, 5296.494174091844)
(4, 0.05, 8.19813829787234, 156.87101063829786)
(4, 0.1, 9.640302613480054, 221.86038514442916)
(4, 0.15, 12.621468926553673, 352.8804143126177)
(4, 0.2, 44.451339437097324, 6214.5015259409965)
(4, 0.05, 8.071022727272727, 155.0369318181818)
(4, 0.1, 9.309572301425662, 192.50033944331295)
(4, 0.15, 16.98052235502435, 727.8897742363878)
(4, 0.2, 44.752580752580755, 6104.71262071262)
(4, 0.05, 7.724047306176084, 147.70565045992115)
(4, 0.1, 9.204576043068641, 189.61507402422612)
(4, 0.15, 14.504638218923933, 538.2421150278293)
(4, 0.2, 40.40235050120982, 4473.706187348773)
(4, 0.05, 7.307132459970888, 135.0014556040757)
(4, 0.1, 9.182496607869743, 191.24219810040705)
(4, 0.15, 15.657066902968543, 576.5201595037661)
(4, 0.2, 42.30048746518106, 6058.0393454038995)
(4, 0.05, 7.985195154777927, 152.76312247644682)
(4, 0.1, 9.209576682859126, 194.2297015961138)
(4, 0.15, 20.666666666666668, 1358.5335085413928)
(4, 0.2, 40.3343653250774, 4181.256277949777)
(4, 0.05, 8.17027027027027, 158.44594594594594)
(4, 0.1, 10.03183885640026, 213.093567251462)
(4, 0.15, 13.771363636363636, 464.2195454545455)
(4, 0.2, 47.96858996244452, 6326.38579720041)
(4, 0.05, 7.564343163538874, 145.41957104557642)
(4, 0.1, 9.172066234701225, 188.12814974802015)
(4, 0.15, 13.357142857142858, 402.1199813258637)
(4, 0.2, 42.58291117865586, 4936.516717325228)
(4, 0.05, 7.943661971830986, 156.07605633802817)
(4, 0.1, 9.685121107266436, 201.45813148788926)
(4, 0.15, 14.263062244434348, 467.52794184461607)
(4, 0.2, 42.772680234563644, 5536.802345636426)
(4, 0.05, 7.6908831908831905, 148.55128205128204)
(4, 0.1, 8.965972222222222, 181.60486111111112)
(4, 0.15, 16.160226201696513, 739.5673892554195)
(4, 0.2, 44.473648418905135, 5797.036722203332)
(4, 0.05, 7.485754985754986, 148.2863247863248)
(4, 0.1, 9.420567375886526, 195.15248226950354)
(4, 0.15, 13.105882352941176, 412.28423529411765)
(4, 0.2, 41.26756663205261, 5325.076497057806)
(4, 0.05, 8.159356725146198, 154.76461988304092)
(4, 0.1, 9.338959212376935, 190.56821378340365)
(4, 0.15, 14.421794269610146, 541.2090183184594)
(4, 0.2, 41.94489247311828, 6135.0053763440865)
(4, 0.05, 8.564516129032258, 163.15395894428153)
(4, 0.1, 9.374572795625427, 192.6431989063568)
(4, 0.15, 13.954918032786885, 452.14071038251365)
(4, 0.2, 40.67614586818334, 4835.236868517899)
(4, 0.05, 8.579310344827586, 170.81655172413792)
(4, 0.1, 9.225720026791695, 202.589417280643)
(4, 0.15, 14.481158088235293, 499.4453125)
(4, 0.2, 42.79639087504256, 5155.535240040858)
(4, 0.05, 7.946608946608946, 153.25396825396825)
(4, 0.1, 8.338340486409155, 167.8161659513591)
(4, 0.15, 13.231508165225744, 403.9654178674352)
(4, 0.2, 47.12814569536424, 6554.641390728477)
(4, 0.05, 8.340482573726542, 160.0697050938338)
(4, 0.1, 9.250351617440225, 183.89732770745428)
(4, 0.15, 17.358576642335766, 789.4379562043796)
(4, 0.2, 42.74098248024734, 5198.532119546548)
(4, 0.05, 8.177377892030849, 160.96143958868893)
(4, 0.1, 9.970449966420416, 213.26259234385495)
(4, 0.15, 14.068150208623088, 479.4849327770051)
(4, 0.2, 42.792181757434015, 5835.498496491814)
(4, 0.05, 8.28763440860215, 156.88440860215053)
(4, 0.1, 9.223554301833568, 193.3124118476728)
(4, 0.15, 14.036915887850467, 448.90233644859813)
(4, 0.2, 46.802460924509475, 6965.970402394413)
(4, 0.05, 8.045454545454545, 151.90374331550802)
(4, 0.1, 8.758547008547009, 179.17592592592592)
(4, 0.15, 14.69891008174387, 508.73524069028156)
(4, 0.2, 42.32073544433095, 5267.678583588696)
(4, 0.05, 8.605187319884726, 169.56195965417868)
(4, 0.1, 10.0420054200542, 215.1449864498645)
(4, 0.15, 14.150348027842227, 496.5614849187935)
(4, 0.2, 49.16565656565657, 7253.584511784512)
(4, 0.05, 8.527581329561528, 162.23903818953323)
(4, 0.1, 9.120430107526882, 182.72616487455198)
(4, 0.15, 17.425570776255707, 885.3123287671233)
(4, 0.2, 39.34160634264047, 4279.0768700448125)
(4, 0.05, 8.544198895027625, 169.15193370165747)
(4, 0.1, 9.488402915838304, 202.39628893306826)
(4, 0.15, 13.456766917293233, 438.4558270676692)
(4, 0.2, 41.51913709116214, 5005.4996520528875)
(4, 0.05, 8.495132127955493, 171.91933240611962)
(4, 0.1, 9.070596298834818, 183.5037697052776)
(4, 0.15, 13.469561324977619, 410.08907788719785)
(4, 0.2, 43.92817487855656, 5436.200902151284)
(4, 0.05, 7.810389610389611, 147.07272727272726)
(4, 0.1, 9.828060522696012, 203.63686382393396)
(4, 0.15, 16.159550561797754, 618.6503370786517)
(4, 0.2, 40.53051970701081, 4509.452040460412)
(4, 0.05, 7.396369137670197, 142.27080181543116)
(4, 0.1, 9.629947229551451, 200.51385224274406)
(4, 0.15, 15.101559020044544, 605.4169265033407)
(4, 0.2, 46.78340220385675, 7046.197314049587)
(4, 0.05, 8.088033012379642, 151.8101788170564)
(4, 0.1, 9.213137665967855, 183.00768693221522)
(4, 0.15, 15.042990654205607, 507.7514018691589)
(4, 0.2, 44.56467409658899, 5310.404593042891)
(4, 0.05, 8.713548387096774, 168.77290322580646)
(4, 0.1, 9.274355300859598, 195.2557306590258)
(4, 0.15, 14.833484573502723, 532.8334845735027)
(4, 0.2, 44.98218487394958, 6203.671260504202)
(4, 0.05, 7.600554785020805, 140.23023578363384)
(4, 0.1, 9.754704301075268, 233.71706989247312)
(4, 0.15, 13.602516309412861, 448.8178005591799)
(4, 0.2, 41.58594012781702, 4866.3588967373025)
(4, 0.05, 8.459677419354838, 164.00537634408602)
(4, 0.1, 9.328992460589445, 196.6737491432488)
(4, 0.15, 14.016559337626495, 438.0036798528059)
(4, 0.2, 42.74740843123704, 5698.189011748445)
(4, 0.05, 8.317073170731707, 161.8319783197832)
(4, 0.1, 9.284306826178748, 191.83040112596763)
(4, 0.15, 13.263554926921264, 422.77416313059877)
(4, 0.2, 43.74915483434753, 6064.950642325896)
(4, 0.05, 7.7265725288831835, 143.65725288831837)
(4, 0.1, 9.762284196547144, 220.2324037184595)
(4, 0.15, 13.794777828676134, 430.09436555199267)
(4, 0.2, 46.99830220713073, 6033.51986417657)
(4, 0.05, 8.231205673758865, 159.5758865248227)
(4, 0.1, 9.415416098226467, 198.50818553888132)
(4, 0.15, 13.600186393289842, 420.5349487418453)
(4, 0.2, 45.82997218358832, 6153.432197496523)
(4, 0.05, 7.946866485013624, 150.44277929155314)
(4, 0.1, 9.027797576621525, 186.48895224518887)
(4, 0.15, 14.746336996336996, 501.6025641025641)
(4, 0.2, 44.82550115018074, 5748.886625041078)
(4, 0.05, 7.803698435277383, 151.01280227596018)
(4, 0.1, 9.630127774041695, 198.960322797579)
(4, 0.15, 12.601913875598086, 352.3866028708134)
(4, 0.2, 40.33948959032908, 4683.757891202149)
(4, 0.05, 8.170487106017193, 164.76074498567334)
(4, 0.1, 9.245454545454546, 206.28601398601398)
(4, 0.15, 13.583295089490592, 411.57503441945846)
(4, 0.2, 42.5849609375, 5371.827799479167)
(4, 0.05, 7.222695035460993, 132.36028368794325)
(4, 0.1, 9.467787114845938, 191.4173669467787)
(4, 0.15, 15.580045351473922, 563.0920634920635)
(4, 0.2, 41.49089034032313, 4916.132347885871)
(4, 0.05, 7.559248554913295, 145.32514450867052)
(4, 0.1, 9.707787732598208, 211.84424534803583)
(4, 0.15, 14.105827505827506, 553.7916083916084)
(4, 0.2, 51.43683510638298, 7734.021276595745)
(4, 0.05, 8.016973125884016, 157.9038189533239)
(4, 0.1, 9.717966573816156, 205.33635097493035)
(4, 0.15, 14.573569482288828, 510.1757493188011)
(4, 0.2, 41.752080443828014, 4813.350554785021)
(4, 0.05, 8.540397350993377, 164.33112582781456)
(4, 0.1, 9.365939479239971, 192.5228712174525)
(4, 0.15, 14.124107142857143, 435.90714285714284)
(4, 0.2, 40.65480188045668, 4925.248488918737)
(4, 0.05, 8.84958217270195, 175.26740947075209)
(4, 0.1, 9.912268677176147, 214.58259081562713)
(4, 0.15, 14.518382352941176, 492.67922794117646)
(4, 0.2, 42.038242200603825, 4874.020127474002)
(4, 0.05, 8.412607449856733, 165.5730659025788)
(4, 0.1, 9.83861874559549, 205.38054968287526)
(4, 0.15, 13.977485928705441, 471.46153846153845)
(4, 0.2, 41.51307639366827, 5105.7477632484515)
(4, 0.05, 8.507607192254495, 166.03457814661135)
(4, 0.1, 9.749485243651339, 207.97460535346602)
(4, 0.15, 14.374606033318326, 459.0058532192706)
(4, 0.2, 46.00472334682861, 6268.843454790823)
(4, 0.05, 7.590448625180898, 144.21852387843705)
(4, 0.1, 9.397027600849256, 192.41330502476998)
(4, 0.15, 14.242298850574713, 523.5590804597701)
(4, 0.2, 42.04953560371517, 5488.624011007912)
(4, 0.05, 8.173076923076923, 156.95604395604394)
(4, 0.1, 9.959072305593452, 227.04911323328787)
(4, 0.15, 16.729753914988816, 737.2988814317673)
(4, 0.2, 42.645861148197596, 5164.663217623498)
(4, 0.05, 8.174796747967479, 154.88482384823848)
(4, 0.1, 9.487586206896552, 196.66413793103447)
(4, 0.15, 17.505272810637322, 852.8028427326914)
(4, 0.2, 43.939445196211096, 5670.415087956698)
(4, 0.05, 8.322368421052632, 164.08552631578948)
(4, 0.1, 9.106822880771881, 193.80702963473468)
(4, 0.15, 14.138785046728971, 473.1014018691589)
(4, 0.2, 41.85245901639344, 5031.784262295082)
(4, 0.05, 8.304054054054054, 155.11216216216215)
(4, 0.1, 9.228512960436563, 191.81514324693043)
(4, 0.15, 14.139264089427108, 453.7787610619469)
(4, 0.2, 44.8337374437132, 6141.108070661587)
(4, 0.05, 8.032679738562091, 155.57254901960783)
(4, 0.1, 8.897830650804758, 176.19804058782364)
(4, 0.15, 13.088899341486359, 418.8715898400753)
(4, 0.2, 47.167580534612746, 6409.347840986978)
(4, 0.05, 8.471408647140864, 165.19944211994422)
(4, 0.1, 9.582036775106083, 197.27086280056577)
(4, 0.15, 14.009119927040583, 446.2325581395349)
(4, 0.2, 43.415926179084074, 5753.677033492823)
(4, 0.05, 7.53257790368272, 140.81586402266288)
(4, 0.1, 9.205673758865249, 192.03546099290782)
(4, 0.15, 15.647563176895307, 590.9499097472924)
(4, 0.2, 40.59356418328087, 4941.532353969919)
(4, 0.05, 8.902097902097902, 172.34545454545454)
(4, 0.1, 9.524373259052926, 203.5717270194986)
(4, 0.15, 15.078899082568807, 572.6064220183487)
(4, 0.2, 39.16185383244207, 3893.3151515151517)
(4, 0.05, 8.48284625158831, 162.52350698856418)
(4, 0.1, 9.563419761737912, 196.06236860546602)
(4, 0.15, 14.414811449341208, 477.3389368468878)
(4, 0.2, 43.38704318936877, 5584.368438538206)
(4, 0.05, 8.287433155080214, 164.74197860962568)
(4, 0.1, 9.599727705922396, 207.2076242341729)
(4, 0.15, 18.022356776897997, 1060.6455519329297)
(4, 0.2, 46.022636484687084, 6816.572569906791)
(4, 0.05, 8.214953271028037, 155.85981308411215)
(4, 0.1, 9.849734042553191, 212.78856382978722)
(4, 0.15, 14.276674364896074, 499.3122401847575)
(4, 0.2, 44.82556545579164, 6688.528786840302)
(4, 0.05, 8.305882352941177, 161.61045751633986)
(4, 0.1, 9.088192419825074, 183.17857142857142)
(4, 0.15, 17.82484076433121, 850.3043676069154)
(4, 0.2, 43.321551132463966, 5095.966026080989)
(4, 0.05, 7.721536351165981, 143.71879286694102)
(4, 0.1, 9.374407582938389, 198.34800270819227)
(4, 0.15, 15.965375854214123, 627.6027334851937)
(4, 0.2, 42.48889625455751, 5890.152800795492)
(4, 0.05, 8.32865168539326, 161.90168539325842)
(4, 0.1, 9.32924335378323, 201.15201090661213)
(4, 0.15, 15.617753623188406, 575.0851449275362)
(4, 0.2, 40.13174656386188, 4733.334562520952)
(4, 0.05, 7.990514905149052, 147.6409214092141)
(4, 0.1, 9.109658678286129, 185.2403776325345)
(4, 0.15, 16.44204231830727, 750.6039558417664)
(4, 0.2, 43.62736335510485, 5531.70711584737)
(4, 0.05, 8.197402597402597, 159.42857142857142)
(4, 0.1, 9.083795013850416, 183.3594182825485)
(4, 0.15, 14.300278035217794, 517.336422613531)
(4, 0.2, 45.294622236885516, 6046.220389310459)
(4, 0.05, 8.769754768392371, 169.94686648501363)
(4, 0.1, 9.45582329317269, 197.45850066934403)
(4, 0.15, 15.747714808043876, 651.8592321755027)
(4, 0.2, 43.971573604060914, 5776.193570219966)
(4, 0.05, 8.56910569105691, 163.63143631436316)
(4, 0.1, 9.265753424657534, 193.5027397260274)
(4, 0.15, 13.799045346062053, 474.42147971360384)
(4, 0.2, 44.01851851851852, 5859.581618655693)
(4, 0.05, 8.247089262613196, 159.39327296248382)
(4, 0.1, 9.751507032819825, 216.7521768251842)
(4, 0.15, 16.17172167707404, 812.0548617305977)
(4, 0.2, 43.72657610588645, 5550.262974573319)
(4, 0.05, 9.009803921568627, 175.90896358543418)
(4, 0.1, 9.243835616438357, 202.5041095890411)
(4, 0.15, 14.645957058017359, 544.838739150297)
(4, 0.2, 43.44683670089434, 5503.321629678701)
(4, 0.05, 8.018207282913165, 149.3935574229692)
(4, 0.1, 9.668732782369146, 197.61225895316804)
(4, 0.15, 15.018920166128288, 617.7074296262114)
(4, 0.2, 44.29299583911234, 5004.25)
(4, 0.05, 8.125954198473282, 152.51272264631044)
(4, 0.1, 9.09009009009009, 182.84892584892586)
(4, 0.15, 13.73351775011526, 413.09174734900876)
(4, 0.2, 45.089029092183665, 6396.348054679285)
(4, 0.05, 7.39769820971867, 137.576726342711)
(4, 0.1, 9.73859768550034, 204.9067392784207)
(4, 0.15, 14.476255088195387, 535.3518769787427)
(4, 0.2, 41.569298542866825, 5306.692985428668)
(4, 0.05, 8.40771349862259, 167.01928374655648)
(4, 0.1, 9.664574616457461, 208.76778242677824)
(4, 0.15, 14.046146746654362, 493.7028149515459)
(4, 0.2, 43.34064821066847, 5065.684334908846)
(4, 0.05, 8.492131616595136, 162.99570815450645)
(4, 0.1, 8.8207343412527, 179.29589632829374)
(4, 0.15, 13.540186915887851, 450.42056074766356)
(4, 0.2, 46.20973782771536, 6049.195097037794)
(4, 0.05, 7.93019943019943, 150.8019943019943)
(4, 0.1, 8.65196416264645, 179.11784975878703)
(4, 0.15, 14.427397260273972, 541.8264840182649)
(4, 0.2, 43.27748344370861, 6052.871523178808)
(4, 0.05, 7.521970705725699, 142.98135818908122)
(4, 0.1, 9.21957671957672, 191.34920634920636)
(4, 0.15, 14.710843373493976, 471.8192771084337)
(4, 0.2, 46.48449345279118, 5756.343900758098)
(4, 0.05, 8.335684062059238, 159.40761636107194)
(4, 0.1, 9.233664772727273, 188.7833806818182)
(4, 0.15, 15.403532608695652, 591.6725543478261)
(4, 0.2, 42.22730352303523, 5840.182588075881)
(4, 0.05, 8.434192672998643, 163.0773405698779)
(4, 0.1, 9.26875, 189.28958333333333)
(4, 0.15, 14.989468864468865, 549.2138278388278)
(4, 0.2, 46.27331738981893, 6243.90228903314)
(4, 0.05, 8.524137931034483, 169.61655172413793)
(4, 0.1, 8.761442441054092, 177.55478502080445)
(4, 0.15, 16.9892952720785, 832.3389830508474)
(4, 0.2, 43.88900100908174, 5033.696602758157)
(4, 0.05, 8.303149606299213, 161.93832020997377)
(4, 0.1, 9.324324324324325, 207.7941787941788)
(4, 0.15, 16.139513951395138, 639.9171917191719)
(4, 0.2, 42.333333333333336, 5429.330954808019)
(4, 0.05, 8.657571623465211, 169.34788540245566)
(4, 0.1, 10.280774550484095, 233.52420470262794)
(4, 0.15, 13.6803127874885, 483.07313707451704)
(4, 0.2, 40.5968133010045, 4712.444405957742)
(4, 0.05, 8.3954802259887, 159.75988700564972)
(4, 0.1, 9.473684210526315, 202.61517429938482)
(4, 0.15, 15.599360438556419, 583.4102329830973)
(4, 0.2, 42.19979919678715, 5297.96686746988)
(4, 0.05, 8.471488178025036, 167.90403337969403)
(4, 0.1, 9.9725935828877, 216.21189839572193)
(4, 0.15, 12.979611190137506, 384.1479374110953)
(4, 0.2, 42.64912280701754, 5314.724210526316)
(4, 0.05, 7.673559822747415, 147.17134416543576)
(4, 0.1, 9.437712729748128, 199.2648059904697)
(4, 0.15, 13.505871301080319, 425.49365899483325)
(4, 0.2, 47.31112614135949, 6272.939127494082)
(4, 0.05, 7.7469050894085285, 146.4786795048143)
(4, 0.1, 9.872916666666667, 210.93680555555557)
(4, 0.15, 13.658351893095768, 433.0)
(4, 0.2, 42.39353099730458, 5293.9535040431265)
(4, 0.05, 8.272984441301274, 156.5983026874116)
(4, 0.1, 9.57042747021724, 196.73370707778557)
(4, 0.15, 13.424, 393.66964705882356)
(4, 0.2, 41.50603240261979, 4626.787659427783)
(4, 0.05, 8.062767475035663, 159.38944365192583)
(4, 0.1, 9.394562334217506, 198.9290450928382)
(4, 0.15, 17.001826484018263, 788.5579908675799)
(4, 0.2, 42.52603291904602, 4989.0178031575415)
