(0, 0.05, 7.091867469879518, 124.52259036144578)
(1, 0.05, 9.130434782608695, 218.2488755622189)
(2, 0.05, 12.067567567567568, 362.49399399399397)
(3, 0.05, 3.6676737160120845, 47.353474320241695)
(4, 0.05, 8.093655589123868, 154.797583081571)
(0, 0.05, 7.105633802816901, 121.40985915492958)
(1, 0.05, 9.977559607293127, 236.53015427769986)
(2, 0.05, 12.232394366197184, 367.80140845070423)
(3, 0.05, 3.9591549295774646, 46.74225352112676)
(4, 0.05, 7.606442577030812, 141.0406162464986)
(0, 0.05, 7.188267394270123, 123.12005457025921)
(1, 0.05, 9.846785225718195, 242.53351573187413)
(2, 0.05, 12.613387978142077, 399.8756830601093)
(3, 0.05, 4.01920438957476, 50.50754458161865)
(4, 0.05, 8.717598908594816, 175.0886766712142)
(0, 0.05, 7.392805755395684, 126.55251798561152)
(1, 0.05, 9.61726618705036, 234.27625899280577)
(2, 0.05, 13.131123919308358, 410.2435158501441)
(3, 0.05, 3.4668587896253604, 40.570605187319885)
(4, 0.05, 7.939481268011527, 155.20172910662825)
(0, 0.05, 6.864902506963788, 117.26323119777159)
(1, 0.05, 9.298465829846583, 223.8507670850767)
(2, 0.05, 12.16016713091922, 366.5612813370474)
(3, 0.05, 3.713687150837989, 45.28351955307262)
(4, 0.05, 8.244413407821229, 166.50418994413408)
(0, 0.05, 7.192755498059508, 124.28978007761967)
(1, 0.05, 9.746786632390746, 236.3740359897172)
(2, 0.05, 12.983204134366925, 400.88501291989667)
(3, 0.05, 3.7800776196636483, 48.63389391979302)
(4, 0.05, 8.970245795601553, 183.39197930142302)
(0, 0.05, 6.872058823529412, 117.64852941176471)
(1, 0.05, 9.654411764705882, 227.4455882352941)
(2, 0.05, 12.064896755162241, 366.06489675516224)
(3, 0.05, 3.7459618208516887, 47.47577092511013)
(4, 0.05, 7.8885630498533725, 157.12023460410558)
(0, 0.05, 7.166666666666667, 123.46437659033079)
(1, 0.05, 9.978343949044586, 231.0484076433121)
(2, 0.05, 13.229591836734693, 405.1173469387755)
(3, 0.05, 4.048593350383632, 52.91304347826087)
(4, 0.05, 9.001277139208174, 187.37420178799488)
(0, 0.05, 7.380681818181818, 128.80113636363637)
(1, 0.05, 10.295874822190612, 250.3954480796586)
(2, 0.05, 12.84045584045584, 399.3817663817664)
(3, 0.05, 3.50997150997151, 44.41310541310541)
(4, 0.05, 7.9601139601139606, 152.63532763532763)
(0, 0.05, 7.370629370629371, 130.65734265734267)
(1, 0.05, 10.209205020920502, 250.2594142259414)
(2, 0.05, 12.121848739495798, 371.3347338935574)
(3, 0.05, 4.15406162464986, 52.294117647058826)
(4, 0.05, 8.570629370629371, 171.62517482517484)
(0, 0.05, 6.593613933236575, 111.22351233671988)
(1, 0.05, 9.26917510853835, 213.63386396526772)
(2, 0.05, 12.146589259796807, 372.3701015965167)
(3, 0.05, 3.7776162790697674, 48.219476744186046)
(4, 0.05, 8.066666666666666, 155.68405797101448)
(0, 0.05, 7.600263852242744, 135.08047493403694)
(1, 0.05, 10.314060446780552, 255.6754270696452)
(2, 0.05, 13.360634081902246, 414.2351387054161)
(3, 0.05, 3.9724047306176082, 52.64520367936925)
(4, 0.05, 7.544021024967148, 142.16425755584757)
(0, 0.05, 6.816062176165803, 117.33160621761658)
(1, 0.05, 9.6012987012987, 228.55194805194805)
(2, 0.05, 11.727272727272727, 353.625974025974)
(3, 0.05, 3.775324675324675, 44.78831168831169)
(4, 0.05, 8.381322957198444, 166.4669260700389)
(0, 0.05, 6.7411924119241196, 113.86856368563686)
(1, 0.05, 9.786774628879892, 228.99325236167343)
(2, 0.05, 11.724559023066485, 349.1519674355495)
(3, 0.05, 3.6920980926430516, 46.58855585831063)
(4, 0.05, 8.986413043478262, 179.20108695652175)
(0, 0.05, 6.816411682892907, 115.42002781641169)
(1, 0.05, 9.506963788300835, 231.58217270194987)
(2, 0.05, 11.602510460251047, 353.2873082287308)
(3, 0.05, 3.6527196652719667, 45.25941422594142)
(4, 0.05, 7.393854748603352, 140.98882681564245)
(0, 0.05, 6.925925925925926, 116.73280423280423)
(1, 0.05, 9.86887417218543, 234.17086092715232)
(2, 0.05, 12.304232804232804, 372.9708994708995)
(3, 0.05, 3.9523809523809526, 48.06878306878307)
(4, 0.05, 8.06084656084656, 153.7116402116402)
(0, 0.05, 7.412451361867705, 130.57976653696497)
(1, 0.05, 9.395833333333334, 221.86197916666666)
(2, 0.05, 12.71521456436931, 386.65019505851757)
(3, 0.05, 3.7795071335927366, 47.110246433203635)
(4, 0.05, 7.985714285714286, 161.61688311688312)
(0, 0.05, 7.354054054054054, 125.92432432432433)
(1, 0.05, 10.133783783783784, 244.3310810810811)
(2, 0.05, 12.087837837837839, 368.4445945945946)
(3, 0.05, 3.6978319783197833, 42.26151761517615)
(4, 0.05, 9.017567567567568, 180.65)
(0, 0.05, 6.608865710560626, 110.97913950456324)
(1, 0.05, 8.805483028720626, 203.95953002610966)
(2, 0.05, 12.48235294117647, 381.6823529411765)
(3, 0.05, 4.040522875816993, 47.549019607843135)
(4, 0.05, 7.993472584856397, 154.69321148825065)
(0, 0.05, 6.802989130434782, 115.13179347826087)
(1, 0.05, 9.089673913043478, 220.5923913043478)
(2, 0.05, 13.190217391304348, 413.8423913043478)
(3, 0.05, 3.748299319727891, 46.98367346938775)
(4, 0.05, 8.423913043478262, 166.8858695652174)
(0, 0.05, 7.4334239130434785, 128.44429347826087)
(1, 0.05, 10.312925170068027, 247.85850340136054)
(2, 0.05, 13.79700272479564, 441.43732970027247)
(3, 0.05, 3.2244897959183674, 37.989115646258504)
(4, 0.05, 8.160326086956522, 161.6141304347826)
(0, 0.05, 6.462099125364431, 108.92565597667638)
(1, 0.05, 9.48396501457726, 226.38483965014578)
(2, 0.05, 11.332361516034986, 339.7201166180758)
(3, 0.05, 3.5555555555555554, 42.5233918128655)
(4, 0.05, 8.355263157894736, 163.23245614035088)
(0, 0.05, 6.984528832630098, 119.9971870604782)
(1, 0.05, 9.639830508474576, 226.92796610169492)
(2, 0.05, 12.17605633802817, 374.33098591549293)
(3, 0.05, 3.635077793493635, 43.77934936350778)
(4, 0.05, 8.447405329593268, 169.60589060308556)
(0, 0.05, 7.070381231671554, 120.67448680351906)
(1, 0.05, 10.378654970760234, 250.3581871345029)
(2, 0.05, 13.29325513196481, 414.63049853372434)
(3, 0.05, 3.647577092511013, 45.204111600587375)
(4, 0.05, 7.831378299120234, 151.33870967741936)
(0, 0.05, 7.259097525473071, 126.53711790393012)
(1, 0.05, 10.19533527696793, 244.85131195335276)
(2, 0.05, 12.68029197080292, 390.13722627737224)
(3, 0.05, 3.7126099706744866, 44.60703812316716)
(4, 0.05, 8.673469387755102, 173.9941690962099)
(0, 0.05, 7.054469273743017, 121.80027932960894)
(1, 0.05, 9.092307692307692, 209.45594405594406)
(2, 0.05, 13.067039106145252, 413.51675977653633)
(3, 0.05, 3.8713286713286714, 47.17762237762238)
(4, 0.05, 8.221757322175732, 163.1199442119944)
(0, 0.05, 6.595804195804196, 111.08251748251749)
(1, 0.05, 9.86731843575419, 243.81703910614524)
(2, 0.05, 12.004195804195804, 371.13426573426574)
(3, 0.05, 3.3664335664335665, 39.34685314685315)
(4, 0.05, 8.82122905027933, 178.93016759776538)
(0, 0.05, 7.1849217638691325, 126.79516358463727)
(1, 0.05, 9.462962962962964, 223.96153846153845)
(2, 0.05, 11.599431818181818, 353.44034090909093)
(3, 0.05, 3.341394025604552, 39.36130867709815)
(4, 0.05, 8.363247863247864, 163.6965811965812)
(0, 0.05, 7.062755798090041, 126.58526603001364)
(1, 0.05, 9.78415300546448, 233.24590163934425)
(2, 0.05, 11.900273224043715, 367.85655737704917)
(3, 0.05, 3.5602739726027397, 42.510958904109586)
(4, 0.05, 8.191518467852257, 159.0971272229822)
(0, 0.05, 6.428571428571429, 108.89777195281782)
(1, 0.05, 9.798429319371728, 229.67539267015707)
(2, 0.05, 13.496723460026212, 423.57011795543906)
(3, 0.05, 3.885976408912189, 46.01441677588467)
(4, 0.05, 8.520942408376964, 174.10732984293193)
(0, 0.05, 6.87, 118.34714285714286)
(1, 0.05, 9.878048780487806, 235.89239598278337)
(2, 0.05, 12.194842406876791, 378.56160458452723)
(3, 0.05, 3.7144906743185078, 47.020086083213776)
(4, 0.05, 8.134670487106018, 158.30085959885386)
(0, 0.05, 7.064471879286694, 119.71742112482853)
(1, 0.05, 10.50480109739369, 260.1920438957476)
(2, 0.05, 12.171703296703297, 367.55631868131866)
(3, 0.05, 3.782967032967033, 46.0)
(4, 0.05, 8.524725274725276, 176.06043956043956)
(0, 0.05, 7.44141689373297, 128.1226158038147)
(1, 0.05, 9.138964577656676, 218.9782016348774)
(2, 0.05, 13.209809264305177, 393.01089918256133)
(3, 0.05, 4.1945578231292515, 51.87074829931973)
(4, 0.05, 8.110354223433243, 162.20844686648502)
(0, 0.05, 7.098748261474269, 121.8692628650904)
(1, 0.05, 9.237569060773481, 222.71823204419888)
(2, 0.05, 12.881944444444445, 397.8958333333333)
(3, 0.05, 3.900414937759336, 50.55048409405256)
(4, 0.05, 7.421853388658368, 141.72060857538037)
(0, 0.05, 7.202295552367288, 123.29985652797704)
(1, 0.05, 9.420600858369099, 220.74248927038627)
(2, 0.05, 12.846264367816092, 390.30890804597703)
(3, 0.05, 3.5761494252873565, 44.76580459770115)
(4, 0.05, 8.675287356321839, 170.61206896551724)
(0, 0.05, 7.04564907275321, 119.81597717546363)
(1, 0.05, 8.77888730385164, 210.0456490727532)
(2, 0.05, 12.640513552068473, 390.26961483594863)
(3, 0.05, 3.2703862660944205, 36.87267525035765)
(4, 0.05, 8.170243204577968, 156.6967095851216)
(0, 0.05, 7.054698457223002, 121.92987377279103)
(1, 0.05, 8.679324894514767, 199.22784810126583)
(2, 0.05, 11.716901408450704, 353.1478873239437)
(3, 0.05, 3.3248945147679323, 41.30801687763713)
(4, 0.05, 8.507735583684951, 168.23206751054852)
(0, 0.05, 6.950069348127601, 118.07905686546464)
(1, 0.05, 9.450138504155124, 220.05678670360112)
(2, 0.05, 12.697222222222223, 392.30555555555554)
(3, 0.05, 3.6972222222222224, 45.727777777777774)
(4, 0.05, 9.044382801664355, 184.41470180305132)
(0, 0.05, 6.7296137339055795, 114.83261802575107)
(1, 0.05, 9.959942775393419, 240.10300429184548)
(2, 0.05, 12.008620689655173, 362.57471264367814)
(3, 0.05, 3.656609195402299, 47.32902298850575)
(4, 0.05, 8.044540229885058, 158.1594827586207)
(0, 0.05, 7.230320699708455, 122.04081632653062)
(1, 0.05, 10.141399416909621, 247.60204081632654)
(2, 0.05, 12.221574344023324, 384.0612244897959)
(3, 0.05, 3.5722627737226276, 43.77956204379562)
(4, 0.05, 7.618075801749272, 145.89795918367346)
(0, 0.05, 7.314893617021276, 123.01702127659574)
(1, 0.05, 9.418670438472418, 228.3239038189533)
(2, 0.05, 13.110795454545455, 414.98579545454544)
(3, 0.05, 3.7035460992907803, 43.224113475177305)
(4, 0.05, 8.035410764872521, 155.9900849858357)
(0, 0.05, 6.763337893296853, 110.79616963064295)
(1, 0.05, 9.37295081967213, 219.97677595628414)
(2, 0.05, 12.34610123119015, 377.50068399452806)
(3, 0.05, 4.13972602739726, 52.74246575342466)
(4, 0.05, 8.13953488372093, 152.9876880984952)
(0, 0.05, 7.1470160116448325, 123.43231441048034)
(1, 0.05, 10.255474452554745, 250.7109489051095)
(2, 0.05, 12.285714285714286, 373.79883381924196)
(3, 0.05, 3.5921052631578947, 42.93421052631579)
(4, 0.05, 8.771137026239067, 185.46209912536443)
(0, 0.05, 7.558265582655826, 130.01355013550136)
(1, 0.05, 8.574525745257452, 200.01084010840108)
(2, 0.05, 12.725915875169607, 379.70284938941654)
(3, 0.05, 3.868563685636856, 53.079945799457995)
(4, 0.05, 8.724559023066485, 185.31071913161466)
(0, 0.05, 7.128700128700129, 120.55984555984556)
(1, 0.05, 9.611612903225806, 228.99483870967742)
(2, 0.05, 12.132561132561133, 380.032175032175)
(3, 0.05, 4.242268041237113, 54.31958762886598)
(4, 0.05, 8.28056628056628, 159.16087516087515)
(0, 0.05, 7.2118155619596545, 125.84582132564842)
(1, 0.05, 10.649928263988523, 270.35150645624105)
(2, 0.05, 12.271284271284271, 376.12987012987014)
(3, 0.05, 3.69164265129683, 45.94236311239193)
(4, 0.05, 8.499282639885223, 166.58536585365854)
(0, 0.05, 7.13443072702332, 127.09327846364883)
(1, 0.05, 10.296703296703297, 259.84065934065933)
(2, 0.05, 12.350756533700137, 379.8803301237964)
(3, 0.05, 4.039889958734525, 49.73452544704264)
(4, 0.05, 8.68870523415978, 172.5922865013774)
(0, 0.05, 7.093333333333334, 118.85066666666667)
(1, 0.05, 10.008010680907876, 243.34579439252337)
(2, 0.05, 12.632, 387.67466666666667)
(3, 0.05, 3.768, 43.501333333333335)
(4, 0.05, 8.097333333333333, 167.55066666666667)
(0, 0.05, 6.9464544138929085, 120.33863965267727)
(1, 0.05, 9.6998556998557, 228.53679653679654)
(2, 0.05, 12.459537572254336, 375.10693641618496)
(3, 0.05, 3.3757225433526012, 38.971098265895954)
(4, 0.05, 8.163531114327062, 155.95803183791605)
(0, 0.05, 6.6303116147308785, 112.45750708215297)
(1, 0.05, 9.36338028169014, 223.36338028169016)
(2, 0.05, 12.206798866855523, 367.20963172804534)
(3, 0.05, 3.6246458923512748, 45.52549575070822)
(4, 0.05, 7.879432624113475, 153.99290780141843)
(0, 0.1, 8.251404494382022, 155.05477528089887)
(1, 0.1, 10.711376404494382, 263.2113764044944)
(2, 0.1, 14.503865073787772, 465.43851018974)
(3, 0.1, 5.974683544303797, 93.58087201125176)
(4, 0.1, 9.725931131412509, 216.09557273366127)
(0, 0.1, 8.011805555555556, 144.65902777777777)
(1, 0.1, 10.51833910034602, 256.7134948096886)
(2, 0.1, 14.767151767151768, 479.92862092862094)
(3, 0.1, 5.534818941504178, 82.2158774373259)
(4, 0.1, 9.152777777777779, 193.62083333333334)
(0, 0.1, 8.022633744855968, 152.56858710562415)
(1, 0.1, 10.888585099111415, 267.1565276828435)
(2, 0.1, 14.436301369863013, 463.5595890410959)
(3, 0.1, 5.920329670329671, 86.5315934065934)
(4, 0.1, 9.860369609856264, 212.70499657768653)
(0, 0.1, 8.735670937289278, 171.03641267700607)
(1, 0.1, 10.693189480782198, 263.2016183412003)
(2, 0.1, 14.364372469635628, 460.944669365722)
(3, 0.1, 5.837837837837838, 87.06621621621622)
(4, 0.1, 9.233783783783784, 194.03378378378378)
(0, 0.1, 8.297887323943662, 154.19084507042254)
(1, 0.1, 10.704848910751933, 268.9522136331694)
(2, 0.1, 13.6914968376669, 438.40688685874915)
(3, 0.1, 5.919014084507042, 83.31901408450705)
(4, 0.1, 9.74330042313117, 213.35684062059238)
(0, 0.1, 8.166092350103376, 155.9028256374914)
(1, 0.1, 10.783653846153847, 274.3743131868132)
(2, 0.1, 14.00343878954608, 445.7668500687758)
(3, 0.1, 5.697386519944979, 85.70426409903713)
(4, 0.1, 9.62465564738292, 215.86570247933884)
(0, 0.1, 8.046384720327422, 151.1268758526603)
(1, 0.1, 10.477815699658702, 260.2225255972696)
(2, 0.1, 12.978142076502733, 400.8251366120219)
(3, 0.1, 5.6621067031463745, 79.87277701778386)
(4, 0.1, 9.27012278308322, 198.2455661664393)
(0, 0.1, 8.459682977257064, 160.013094417643)
(1, 0.1, 11.360441075120606, 287.10682288077186)
(2, 0.1, 14.539310344827586, 463.0137931034483)
(3, 0.1, 6.708764665286404, 109.89026915113871)
(4, 0.1, 9.685478320715761, 206.1892635925671)
(0, 0.1, 8.06786703601108, 143.595567867036)
(1, 0.1, 11.056590752242926, 277.5134575569358)
(2, 0.1, 13.885892116182573, 433.70055325034576)
(3, 0.1, 5.919667590027701, 86.43905817174515)
(4, 0.1, 9.408713692946058, 202.42946058091286)
(0, 0.1, 8.44896551724138, 159.37724137931033)
(1, 0.1, 11.238846945778999, 279.33768016472203)
(2, 0.1, 13.645072363886975, 434.64576154376294)
(3, 0.1, 5.602068965517241, 84.29724137931035)
(4, 0.1, 9.40302613480055, 204.61348005502063)
(0, 0.1, 8.500315059861373, 167.84877126654064)
(1, 0.1, 11.577791718946047, 307.78732747804264)
(2, 0.1, 14.252042740414833, 461.2828409805154)
(3, 0.1, 6.192186515437934, 103.11468178954001)
(4, 0.1, 9.890989287964713, 210.67989918084436)
(0, 0.1, 8.488668555240793, 161.55949008498584)
(1, 0.1, 10.475920679886686, 257.9929178470255)
(2, 0.1, 13.163120567375886, 421.3347517730496)
(3, 0.1, 5.50709219858156, 75.36666666666666)
(4, 0.1, 9.090715804394046, 187.2111977321049)
(0, 0.1, 8.14306049822064, 149.9437722419929)
(1, 0.1, 11.091749644381224, 278.75604551920344)
(2, 0.1, 12.881054131054132, 402.2257834757835)
(3, 0.1, 5.1207142857142856, 69.89071428571428)
(4, 0.1, 10.198005698005698, 226.55840455840456)
(0, 0.1, 8.465132496513249, 176.65481171548117)
(1, 0.1, 11.27361111111111, 294.86805555555554)
(2, 0.1, 13.81767571329158, 436.2839248434238)
(3, 0.1, 5.872473867595819, 87.68850174216028)
(4, 0.1, 10.072423398328691, 241.15598885793872)
(0, 0.1, 8.2, 158.89583333333334)
(1, 0.1, 10.903539208882721, 274.35392088827206)
(2, 0.1, 14.281553398058252, 462.1151178918169)
(3, 0.1, 5.956884561891516, 87.33240611961057)
(4, 0.1, 9.307638888888889, 186.27291666666667)
(0, 0.1, 8.382373351839, 157.7911172796669)
(1, 0.1, 10.917532917532917, 271.6174636174636)
(2, 0.1, 14.096460791117279, 445.3081193615545)
(3, 0.1, 5.835997220291869, 87.07435719249479)
(4, 0.1, 9.93328700486449, 215.23280055594162)
(0, 0.1, 7.722607489597781, 138.2108183079057)
(1, 0.1, 10.836438923395445, 266.36438923395445)
(2, 0.1, 13.415342087076711, 416.4049758120249)
(3, 0.1, 5.961138098542679, 91.38653712699514)
(4, 0.1, 8.985446985446986, 179.86832986832988)
(0, 0.1, 8.198106828938473, 156.3603786342123)
(1, 0.1, 11.163845633039946, 275.9031821259309)
(2, 0.1, 14.571041948579161, 471.1326116373478)
(3, 0.1, 5.975593220338983, 88.77830508474577)
(4, 0.1, 9.275978407557355, 191.62820512820514)
(0, 0.1, 8.142363510711817, 149.43331029716654)
(1, 0.1, 11.070539419087137, 277.2461964038728)
(2, 0.1, 15.065698478561549, 479.85408022130014)
(3, 0.1, 6.125172890733057, 94.23167358229598)
(4, 0.1, 9.77508650519031, 207.00415224913496)
(0, 0.1, 8.14476458186929, 151.9353478566409)
(1, 0.1, 11.496151154653603, 284.91532540237927)
(2, 0.1, 13.605318404478657, 426.66340097970607)
(3, 0.1, 5.948771929824561, 85.6498245614035)
(4, 0.1, 9.428070175438597, 196.80070175438595)
(0, 0.1, 8.037396121883656, 146.7049861495845)
(1, 0.1, 10.89375, 275.8020833333333)
(2, 0.1, 14.62742382271468, 469.0387811634349)
(3, 0.1, 5.485396383866481, 76.6884561891516)
(4, 0.1, 9.138386648122392, 187.24965229485397)
(0, 0.1, 7.8290960451977405, 144.10875706214688)
(1, 0.1, 10.874293785310735, 270.18220338983053)
(2, 0.1, 13.628975265017667, 435.1851590106007)
(3, 0.1, 5.608203677510608, 80.87694483734087)
(4, 0.1, 9.850777934936351, 239.04172560113153)
(0, 0.1, 8.262626262626263, 162.75286195286196)
(1, 0.1, 11.441985244802146, 298.2548625083836)
(2, 0.1, 14.383478844862324, 453.72263263935525)
(3, 0.1, 5.76514131897712, 83.88088829071333)
(4, 0.1, 9.200403496973772, 197.7464694014795)
(0, 0.1, 8.391549295774649, 158.14647887323943)
(1, 0.1, 10.871398453970485, 273.03583977512295)
(2, 0.1, 14.023255813953488, 452.8999295278365)
(3, 0.1, 5.69415081042988, 81.461592670895)
(4, 0.1, 9.261971830985916, 192.0957746478873)
(0, 0.1, 7.889275766016713, 141.1859331476323)
(1, 0.1, 11.043115438108485, 281.86787204450627)
(2, 0.1, 13.811281337047355, 441.4282729805014)
(3, 0.1, 5.656445993031359, 81.07108013937282)
(4, 0.1, 9.973537604456824, 212.05431754874652)
(0, 0.1, 8.317438692098092, 154.41689373297004)
(1, 0.1, 10.99320190346703, 278.84092454112846)
(2, 0.1, 14.002722940776039, 447.60925799863855)
(3, 0.1, 5.615017064846416, 78.22525597269625)
(4, 0.1, 8.860449285228047, 176.5936010891763)
(0, 0.1, 8.227456258411843, 150.80888290713324)
(1, 0.1, 11.230458221024259, 284.6725067385445)
(2, 0.1, 14.350605652759084, 470.9401076716016)
(3, 0.1, 5.816891891891892, 88.03581081081082)
(4, 0.1, 9.973737373737373, 211.41750841750843)
(0, 0.1, 8.363698164513936, 155.3507817811013)
(1, 0.1, 10.995251017639077, 272.3358208955224)
(2, 0.1, 13.582201086956522, 422.5794836956522)
(3, 0.1, 5.876021798365122, 88.1866485013624)
(4, 0.1, 9.212100611828689, 192.15431679129844)
(0, 0.1, 8.086519114688128, 146.27565392354126)
(1, 0.1, 11.345612860013397, 298.31949095780305)
(2, 0.1, 13.916051040967092, 447.1356615177972)
(3, 0.1, 5.9221476510067115, 85.89395973154362)
(4, 0.1, 9.576794097920859, 205.9027498323273)
(0, 0.1, 8.524666666666667, 170.526)
(1, 0.1, 12.13639387890885, 312.35994677312044)
(2, 0.1, 15.385229540918164, 495.30671989354624)
(3, 0.1, 6.232154769846565, 94.0907271514343)
(4, 0.1, 9.615589606928713, 201.60359760159892)
(0, 0.1, 8.227409638554217, 151.32680722891567)
(1, 0.1, 10.217948717948717, 247.1184012066365)
(2, 0.1, 13.828808446455506, 444.9901960784314)
(3, 0.1, 5.467219291635267, 76.99698568198944)
(4, 0.1, 9.440422322775264, 190.3318250377074)
(0, 0.1, 8.018342391304348, 145.83763586956522)
(1, 0.1, 10.526852481305234, 259.12100611828686)
(2, 0.1, 13.921768707482993, 435.8795918367347)
(3, 0.1, 5.7845003399048265, 83.63494221617947)
(4, 0.1, 9.632472826086957, 201.96263586956522)
(0, 0.1, 7.900350877192983, 148.38315789473685)
(1, 0.1, 10.824524312896406, 269.6236786469345)
(2, 0.1, 13.694581280788178, 433.835327234342)
(3, 0.1, 5.950704225352113, 86.8943661971831)
(4, 0.1, 9.15774647887324, 189.96056338028168)
(0, 0.1, 7.869986168741355, 141.9073305670816)
(1, 0.1, 11.738259668508288, 308.27555248618785)
(2, 0.1, 14.22268326417704, 449.4882434301521)
(3, 0.1, 5.653739612188366, 79.45706371191136)
(4, 0.1, 10.125864453665283, 249.40663900414938)
(0, 0.1, 7.936820652173913, 146.9639945652174)
(1, 0.1, 11.298031228784794, 289.67820773930754)
(2, 0.1, 13.9, 430.9204081632653)
(3, 0.1, 5.853641933287951, 86.28114363512594)
(4, 0.1, 9.816576086956522, 210.60597826086956)
(0, 0.1, 8.055704697986577, 146.24093959731545)
(1, 0.1, 11.310946944257891, 281.2719946272666)
(2, 0.1, 14.443250503693754, 457.40631296171927)
(3, 0.1, 5.607935440484196, 78.94216543375924)
(4, 0.1, 9.541302887844191, 210.12021490933512)
(0, 0.1, 8.082329317269076, 153.43975903614458)
(1, 0.1, 11.507014028056112, 289.8356713426854)
(2, 0.1, 13.346256684491978, 420.79545454545456)
(3, 0.1, 5.847593582887701, 82.2566844919786)
(4, 0.1, 9.798263193052772, 215.26118904475618)
(0, 0.1, 8.32085932085932, 154.1947331947332)
(1, 0.1, 11.439362439362439, 291.7276507276507)
(2, 0.1, 13.86634349030471, 432.4549861495845)
(3, 0.1, 5.686111111111111, 82.525)
(4, 0.1, 9.481635481635482, 202.25502425502427)
(0, 0.1, 8.440654843110504, 155.5825375170532)
(1, 0.1, 10.473791695030632, 266.31041524846836)
(2, 0.1, 13.552147239263803, 423.9652351738241)
(3, 0.1, 5.617586912065439, 82.41922290388548)
(4, 0.1, 9.588555858310627, 201.75476839237058)
(0, 0.1, 8.044836956521738, 148.05434782608697)
(1, 0.1, 11.537049626104691, 286.85180149558124)
(2, 0.1, 14.044127630685676, 448.81126951799047)
(3, 0.1, 5.59549795361528, 78.56412005457025)
(4, 0.1, 9.92542372881356, 219.57016949152543)
(0, 0.1, 7.649584487534626, 134.4819944598338)
(1, 0.1, 10.771151178918169, 269.0513176144244)
(2, 0.1, 14.061719833564494, 444.84396671289875)
(3, 0.1, 5.999306518723994, 88.20319001386963)
(4, 0.1, 9.655578655578656, 206.77962577962577)
(0, 0.1, 7.891123439667129, 149.32662968099862)
(1, 0.1, 10.773702422145329, 268.39723183391004)
(2, 0.1, 14.224687933425798, 461.1595006934813)
(3, 0.1, 5.346981263011798, 74.40458015267176)
(4, 0.1, 9.969444444444445, 218.2097222222222)
(0, 0.1, 7.765003615328995, 144.90310918293565)
(1, 0.1, 10.57492795389049, 261.0965417867435)
(2, 0.1, 14.407354001441961, 461.7916366258111)
(3, 0.1, 5.805515239477503, 85.45573294629898)
(4, 0.1, 9.693140794223826, 210.6014440433213)
(0, 0.1, 8.019634394041978, 147.96682464454977)
(1, 0.1, 10.951962110960757, 268.0385656292287)
(2, 0.1, 13.508141112618725, 426.5325644504749)
(3, 0.1, 6.073898305084746, 91.1057627118644)
(4, 0.1, 9.548037889039243, 203.6576454668471)
(0, 0.1, 8.122699386503067, 163.72324471710974)
(1, 0.1, 11.008867667121418, 277.79740791268756)
(2, 0.1, 14.156100886162235, 460.0906612133606)
(3, 0.1, 6.150544959128065, 90.9816076294278)
(4, 0.1, 9.454979536152797, 200.14665757162348)
(0, 0.1, 8.56870479947403, 167.32478632478632)
(1, 0.1, 11.051939513477976, 281.51216305062457)
(2, 0.1, 13.779894875164258, 428.080814717477)
(3, 0.1, 6.172595520421607, 95.32938076416337)
(4, 0.1, 9.686842105263159, 224.0328947368421)
(0, 0.1, 8.057259713701432, 147.54873892297206)
(1, 0.1, 10.903137789904502, 271.92223738062756)
(2, 0.1, 14.287568306010929, 466.3025956284153)
(3, 0.1, 5.85655737704918, 82.02322404371584)
(4, 0.1, 10.1051912568306, 227.47540983606558)
(0, 0.1, 8.096796182685754, 147.68643490115883)
(1, 0.1, 11.407482993197279, 287.3408163265306)
(2, 0.1, 14.288828337874659, 456.3024523160763)
(3, 0.1, 5.793856655290102, 85.36109215017065)
(4, 0.1, 9.577080491132334, 195.9645293315143)
(0, 0.1, 8.178164768921635, 159.50033489618218)
(1, 0.1, 10.856187290969899, 264.39598662207356)
(2, 0.1, 13.761523046092185, 438.67134268537075)
(3, 0.1, 5.768406961178045, 82.5194109772423)
(4, 0.1, 9.697456492637215, 209.0120481927711)
(0, 0.1, 8.358503881439661, 161.08680310515172)
(1, 0.1, 10.5098730606488, 256.9781382228491)
(2, 0.1, 13.96056338028169, 444.63098591549294)
(3, 0.1, 6.16277423920736, 92.59872611464968)
(4, 0.1, 9.784050811573747, 208.42766407904023)
(0, 0.15, 11.895550351288056, 336.36018735362995)
(1, 0.15, 14.367289719626168, 464.0448598130841)
(2, 0.15, 17.988306828811975, 699.9574368568756)
(3, 0.15, 9.725738396624472, 214.81153305203938)
(4, 0.15, 16.16254086875292, 768.3587108827651)
(0, 0.15, 12.309633027522937, 375.9215596330275)
(1, 0.15, 14.965706447187928, 485.8207590306356)
(2, 0.15, 17.829514207149405, 662.0412465627865)
(3, 0.15, 9.877064220183486, 225.15963302752294)
(4, 0.15, 13.21474358974359, 389.8951465201465)
(0, 0.15, 11.153530751708429, 287.2856492027335)
(1, 0.15, 13.920656634746923, 429.72093023255815)
(2, 0.15, 17.704058367533058, 679.156862745098)
(3, 0.15, 8.837591240875913, 183.1058394160584)
(4, 0.15, 13.191605839416058, 381.48266423357666)
(0, 0.15, 11.921312949640289, 354.10656474820144)
(1, 0.15, 14.473045822102426, 468.8207547169811)
(2, 0.15, 18.296229802513466, 736.0502692998205)
(3, 0.15, 9.690647482014388, 231.91187050359713)
(4, 0.15, 14.64343525179856, 457.7855215827338)
(0, 0.15, 11.94922425952045, 352.9205453690644)
(1, 0.15, 14.295827473042664, 436.23675574308487)
(2, 0.15, 17.086263478668542, 591.1275199249883)
(3, 0.15, 9.138418079096045, 186.38041431261772)
(4, 0.15, 13.336936090225564, 413.41964285714283)
(0, 0.15, 11.244142455482661, 306.217900656045)
(1, 0.15, 14.31958762886598, 480.76101218369257)
(2, 0.15, 17.327247191011235, 638.8422284644195)
(3, 0.15, 9.43568075117371, 216.21032863849766)
(4, 0.15, 13.2427366447985, 432.622305529522)
(0, 0.15, 13.352941176470589, 481.28019757521326)
(1, 0.15, 15.045719408337069, 511.77633348274315)
(2, 0.15, 18.410946612830866, 804.3050695379094)
(3, 0.15, 10.081202332884702, 231.3589053387169)
(4, 0.15, 15.71870794078062, 694.8707940780619)
(0, 0.15, 11.650895728066146, 318.9012402388608)
(1, 0.15, 14.21343146274149, 427.3109475620975)
(2, 0.15, 16.579963235294116, 584.2426470588235)
(3, 0.15, 9.135819521178638, 193.957182320442)
(4, 0.15, 13.630225080385852, 402.0362884703721)
(0, 0.15, 11.652134006424966, 338.42129417163835)
(1, 0.15, 14.976659038901602, 516.0118993135011)
(2, 0.15, 17.537368179734067, 653.0357634112793)
(3, 0.15, 10.0, 222.3656407900781)
(4, 0.15, 13.967875172097292, 461.0775585130794)
(0, 0.15, 12.574585635359115, 382.914364640884)
(1, 0.15, 16.78459409594096, 694.6563653136532)
(2, 0.15, 18.602215043839408, 737.8232579603138)
(3, 0.15, 9.557656826568266, 222.78367158671585)
(4, 0.15, 15.808118081180812, 652.299815498155)
(0, 0.15, 11.052805280528053, 276.9141914191419)
(1, 0.15, 14.659433962264151, 469.3877358490566)
(2, 0.15, 16.50165172251062, 573.1717791411043)
(3, 0.15, 9.186408683341199, 189.37234544596507)
(4, 0.15, 13.06418121755545, 385.7333647947145)
(0, 0.15, 11.579482439926062, 302.1987060998152)
(1, 0.15, 14.592985694508537, 464.0835256114444)
(2, 0.15, 18.247232472324722, 666.4640221402213)
(3, 0.15, 8.901154734411085, 183.1607390300231)
(4, 0.15, 14.254260709350529, 488.93689543988944)
(0, 0.15, 12.169124423963133, 376.65391705069123)
(1, 0.15, 14.373333333333333, 470.80367816091956)
(2, 0.15, 17.0967296176877, 625.9765085214187)
(3, 0.15, 9.206642066420665, 190.4409594095941)
(4, 0.15, 14.15359778597786, 487.59640221402213)
(0, 0.15, 13.187189896256202, 509.16463689670724)
(1, 0.15, 15.309213483146067, 569.6714606741573)
(2, 0.15, 19.312808988764044, 814.2755056179775)
(3, 0.15, 11.273793414524132, 318.78033378439335)
(4, 0.15, 16.923492349234923, 745.4608460846084)
(0, 0.15, 12.700980392156863, 433.6127450980392)
(1, 0.15, 14.986678507992895, 497.101243339254)
(2, 0.15, 18.453979546465096, 709.8866162738996)
(3, 0.15, 10.435131520285331, 289.7512260365582)
(4, 0.15, 14.69425901201602, 527.2300845571874)
(0, 0.15, 13.378228782287822, 461.3016605166052)
(1, 0.15, 14.46288612263716, 483.7538035961272)
(2, 0.15, 17.607472324723247, 666.7689114391144)
(3, 0.15, 9.69511070110701, 210.77629151291512)
(4, 0.15, 14.050276752767529, 445.3399446494465)
(0, 0.15, 11.164967562557925, 282.84059314179797)
(1, 0.15, 13.944521497919556, 409.71243643088303)
(2, 0.15, 17.538141470180307, 663.7156726768377)
(3, 0.15, 8.900370713623726, 186.4360518999073)
(4, 0.15, 13.578117756142792, 404.20305980528514)
(0, 0.15, 12.748060246462803, 378.44317663167504)
(1, 0.15, 15.063839489284085, 500.86502507979935)
(2, 0.15, 17.886809675947056, 676.6188954815153)
(3, 0.15, 9.972565157750344, 238.8742569730224)
(4, 0.15, 15.82390510948905, 643.456204379562)
(0, 0.15, 11.898570769940065, 330.73305670816046)
(1, 0.15, 14.965421853388658, 503.79068695251266)
(2, 0.15, 17.917587476979744, 677.4000920810313)
(3, 0.15, 9.743081180811808, 232.565036900369)
(4, 0.15, 15.428703276419013, 581.4231656668205)
(0, 0.15, 12.74703737465816, 413.66955332725615)
(1, 0.15, 16.402455661664394, 656.5616189176899)
(2, 0.15, 17.947655894401457, 740.207100591716)
(3, 0.15, 11.156719817767653, 352.6145785876993)
(4, 0.15, 15.944849589790337, 660.8008204193254)
(0, 0.15, 11.8159111933395, 314.0971322849214)
(1, 0.15, 14.371019843101061, 429.7120443008768)
(2, 0.15, 17.567081604426004, 638.4485938220378)
(3, 0.15, 9.27877947295423, 200.542764678687)
(4, 0.15, 13.296210720887245, 384.06792975970427)
(0, 0.15, 11.69245283018868, 303.36037735849055)
(1, 0.15, 14.562411681582667, 482.6227037211493)
(2, 0.15, 17.850211964201602, 674.0433349034386)
(3, 0.15, 10.0363378952336, 251.34638980651252)
(4, 0.15, 15.058325493885231, 530.0197554092192)
(0, 0.15, 11.624043223773075, 331.1728950923008)
(1, 0.15, 15.857785778577858, 573.7785778577858)
(2, 0.15, 18.408209291835814, 695.958051420839)
(3, 0.15, 9.575101488497971, 209.90978800180423)
(4, 0.15, 13.904590459045904, 448.92259225922595)
(0, 0.15, 12.884802835622509, 430.206025697829)
(1, 0.15, 15.966356795042055, 552.2390438247012)
(2, 0.15, 17.986708019494905, 674.3128046078866)
(3, 0.15, 10.0150842945874, 237.44809228039043)
(4, 0.15, 16.877713779353122, 719.8311918475853)
(0, 0.15, 11.295186194368755, 293.58946412352407)
(1, 0.15, 14.490480507706256, 457.08703535811424)
(2, 0.15, 17.830231502496595, 690.1016795279165)
(3, 0.15, 9.23738062755798, 204.95452478399272)
(4, 0.15, 13.707936507936507, 440.59410430839)
(0, 0.15, 11.194793119479312, 304.69084146908415)
(1, 0.15, 16.2125, 678.761574074074)
(2, 0.15, 18.012037037037036, 677.0638888888889)
(3, 0.15, 9.504420660772452, 210.89576547231272)
(4, 0.15, 13.804741980474198, 435.6615527661553)
(0, 0.15, 11.856816102470265, 330.6555352241537)
(1, 0.15, 14.355484751934457, 439.7291761492945)
(2, 0.15, 17.66925536774783, 666.2137962539972)
(3, 0.15, 9.910706150341685, 229.8888382687927)
(4, 0.15, 14.614331355545414, 551.8137836604291)
(0, 0.15, 13.132551848512174, 434.1018935978359)
(1, 0.15, 15.675236806495263, 563.2178619756428)
(2, 0.15, 20.032490974729242, 914.6398916967509)
(3, 0.15, 10.405515370705244, 269.56735985533453)
(4, 0.15, 15.94627539503386, 692.8365688487585)
(0, 0.15, 11.726173872617387, 326.5704323570432)
(1, 0.15, 14.342019543973942, 448.9143787808283)
(2, 0.15, 17.715481171548117, 643.0274291027429)
(3, 0.15, 9.136003726129482, 198.78761061946904)
(4, 0.15, 13.465645311049212, 420.70519962859794)
(0, 0.15, 13.248211091234348, 449.2061717352415)
(1, 0.15, 17.25725770433229, 738.1272889682895)
(2, 0.15, 17.849107142857143, 664.3678571428571)
(3, 0.15, 11.334675615212529, 340.5677852348993)
(4, 0.15, 16.83541480820696, 643.4402319357716)
(0, 0.15, 12.47806624888093, 334.5640107430618)
(1, 0.15, 17.500670540902995, 744.2892266428252)
(2, 0.15, 19.176339285714285, 806.8022321428572)
(3, 0.15, 11.176892073443797, 332.74249888042993)
(4, 0.15, 16.770367054610563, 685.2779767233661)
(0, 0.15, 10.966317705962677, 276.77332726445155)
(1, 0.15, 14.96766848816029, 517.3228597449909)
(2, 0.15, 18.72975432211101, 737.9981801637853)
(3, 0.15, 9.658614402917047, 214.55013673655424)
(4, 0.15, 14.02822030040965, 457.62312243969046)
(0, 0.15, 12.864203233256351, 413.50900692840645)
(1, 0.15, 14.128062875635692, 450.5173370319001)
(2, 0.15, 18.28927911275416, 742.1210720887245)
(3, 0.15, 9.279704114655571, 205.5256588072122)
(4, 0.15, 15.07291185971389, 555.3977849561605)
(0, 0.15, 11.600650860065086, 326.31473733147374)
(1, 0.15, 15.058905380333952, 477.3687384044527)
(2, 0.15, 17.330861909175162, 636.3253012048193)
(3, 0.15, 9.416472778036296, 204.95858538855282)
(4, 0.15, 14.207792207792208, 471.3840445269017)
(0, 0.15, 12.159163256025467, 365.73897226011826)
(1, 0.15, 15.094545454545454, 516.7881818181818)
(2, 0.15, 18.220808723307588, 748.4098137210359)
(3, 0.15, 9.791989076012745, 223.51797906235777)
(4, 0.15, 12.89248291571754, 357.6104783599089)
(0, 0.15, 11.364507299270073, 299.3334854014599)
(1, 0.15, 15.057129798903107, 486.8441499085923)
(2, 0.15, 17.049382716049383, 636.4796524919982)
(3, 0.15, 9.94050343249428, 234.45308924485127)
(4, 0.15, 13.445458694659973, 405.17526243724325)
(0, 0.15, 11.704192180876118, 346.4625529910504)
(1, 0.15, 13.93421052631579, 415.8872180451128)
(2, 0.15, 17.262564584311882, 628.2357914513856)
(3, 0.15, 9.18879472693032, 206.33662900188324)
(4, 0.15, 13.98400752587018, 449.5672624647225)
(0, 0.15, 11.386888273314867, 305.27608494921515)
(1, 0.15, 14.43088303282478, 421.918631530282)
(2, 0.15, 18.40619223659889, 713.3146950092422)
(3, 0.15, 9.885450346420324, 231.1944572748268)
(4, 0.15, 13.509477577438743, 391.77669902912623)
(0, 0.15, 13.807726864330638, 551.2695417789757)
(1, 0.15, 16.43951612903226, 661.8517025089606)
(2, 0.15, 19.85254691689008, 845.7327971403039)
(3, 0.15, 9.852201257861635, 238.0498652291105)
(4, 0.15, 15.490125673249551, 674.5511669658887)
(0, 0.15, 11.768281535648995, 322.7481718464351)
(1, 0.15, 14.961661341853036, 499.50570515746233)
(2, 0.15, 17.678978568171456, 664.5782033743731)
(3, 0.15, 9.767261088248743, 216.75765889346135)
(4, 0.15, 14.840950639853748, 512.6581352833638)
(0, 0.15, 11.222018348623854, 307.47614678899083)
(1, 0.15, 14.872827081427264, 484.1344922232388)
(2, 0.15, 17.11762013729977, 612.9180778032037)
(3, 0.15, 9.707720588235293, 227.2702205882353)
(4, 0.15, 12.897706422018349, 371.8885321100917)
(0, 0.15, 14.634461264470168, 547.8481745325022)
(1, 0.15, 16.91559306974678, 664.1186139493558)
(2, 0.15, 20.12127943136384, 856.3736117281209)
(3, 0.15, 11.031194295900178, 301.9286987522282)
(4, 0.15, 15.462394303515799, 573.7036048064085)
(0, 0.15, 13.279223643581826, 436.66343184825763)
(1, 0.15, 15.232189973614776, 497.42568161829377)
(2, 0.15, 17.802910052910054, 664.6838624338625)
(3, 0.15, 10.728558797524315, 284.56145004420864)
(4, 0.15, 16.544091710758376, 772.8774250440918)
(0, 0.15, 12.556594948550046, 387.43217960710945)
(1, 0.15, 16.20093023255814, 605.6279069767442)
(2, 0.15, 18.220663861617577, 722.043945769051)
(3, 0.15, 9.648762260625876, 211.11536665109762)
(4, 0.15, 14.530430711610487, 517.123127340824)
(0, 0.15, 16.26149040606872, 826.6854082998661)
(1, 0.15, 16.98218262806236, 717.7189309576837)
(2, 0.15, 20.794654788418708, 1011.4654788418708)
(3, 0.15, 11.64761054041983, 372.8329611433676)
(4, 0.15, 20.08685968819599, 1165.0579064587973)
(0, 0.15, 12.039325842696629, 345.69943820224717)
(1, 0.15, 14.793747083527764, 450.17685487634157)
(2, 0.15, 17.71415226529659, 673.1424567958898)
(3, 0.15, 9.57865168539326, 224.17790262172284)
(4, 0.15, 13.594480823199252, 417.97614593077645)
(0, 0.15, 10.320555821753713, 235.32870148538572)
(1, 0.15, 12.828214971209214, 353.79174664107484)
(2, 0.15, 16.343062200956936, 574.7478468899521)
(3, 0.15, 8.538535184298707, 161.69698420296794)
(4, 0.15, 12.36607570675611, 339.25251557259224)
(0, 0.15, 10.556567593480345, 255.85953978907)
(1, 0.15, 13.098706276952564, 364.53713464302825)
(2, 0.15, 16.692013390722142, 611.104256336681)
(3, 0.15, 8.57861936720997, 173.4587727708533)
(4, 0.15, 12.460986117759694, 346.4083293441838)
(0, 0.15, 11.797013532431171, 326.120858609426)
(1, 0.15, 13.834579439252336, 411.85046728971963)
(2, 0.15, 16.66355140186916, 586.0476635514019)
(3, 0.15, 9.147265077138849, 192.00748013090228)
(4, 0.15, 13.993464052287582, 493.703081232493)
(0, 0.15, 10.716502115655853, 250.62059238363892)
(1, 0.15, 13.587160262417994, 373.23102155576385)
(2, 0.15, 16.81144465290807, 602.8020637898686)
(3, 0.15, 8.737882352941176, 172.22870588235295)
(4, 0.15, 12.160714285714286, 329.1456766917293)
(0, 0.2, 42.03020020359688, 5693.111299626739)
(1, 0.2, 46.482689075630255, 6802.090756302521)
(2, 0.2, 46.419137466307276, 5441.58153638814)
(3, 0.2, 39.450389434473415, 4244.541483237385)
(4, 0.2, 45.46210845402492, 5984.661839003032)
(0, 0.2, 39.00612661674609, 4530.991831177672)
(1, 0.2, 40.852153272295695, 4660.726687012547)
(2, 0.2, 45.224821973550355, 5431.487283825026)
(3, 0.2, 38.517699115044245, 4146.969707283866)
(4, 0.2, 48.03581081081081, 6922.3337837837835)
(0, 0.2, 41.08247066942719, 4742.045203588682)
(1, 0.2, 47.39398084815321, 6984.709302325581)
(2, 0.2, 50.89139344262295, 6818.359289617486)
(3, 0.2, 42.2483637616259, 5206.15328970031)
(4, 0.2, 42.553998632946, 4954.057758031442)
(0, 0.2, 39.47361159020352, 4487.266643670231)
(1, 0.2, 39.86964038727524, 4294.086099585063)
(2, 0.2, 44.524104683195596, 4487.373966942148)
(3, 0.2, 37.28764746703678, 3702.5111034004162)
(4, 0.2, 42.5364010989011, 5392.837912087912)
(0, 0.2, 39.42645074224021, 4156.238866396761)
(1, 0.2, 43.983125210934865, 5127.095511306109)
(2, 0.2, 47.946045576407506, 5920.553954423593)
(3, 0.2, 41.58635752688172, 4496.97748655914)
(4, 0.2, 44.72931323283082, 6203.450251256281)
(0, 0.2, 41.20708825573315, 5131.460736622655)
(1, 0.2, 44.58656509695291, 5328.0941828254845)
(2, 0.2, 51.2590799031477, 6693.7917675544795)
(3, 0.2, 42.20250086835707, 4844.944425147621)
(4, 0.2, 45.643349414197104, 6269.149896623018)
(0, 0.2, 38.22680412371134, 4341.785567010309)
(1, 0.2, 46.49641025641026, 6350.067692307693)
(2, 0.2, 46.705601092896174, 5191.19193989071)
(3, 0.2, 36.9267537826685, 3743.857290233838)
(4, 0.2, 46.97872340425532, 5970.380233356212)
(0, 0.2, 44.315506222670706, 5855.673057517659)
(1, 0.2, 45.09554355165429, 5932.701215395004)
(2, 0.2, 50.93802065978007, 7422.664778407197)
(3, 0.2, 41.92473844076949, 4886.196085048937)
(4, 0.2, 48.48989218328841, 6608.2567385444745)
(0, 0.2, 40.53298969072165, 5048.198281786941)
(1, 0.2, 42.98451479697178, 5257.261871988988)
(2, 0.2, 47.23845623707788, 5759.474155754652)
(3, 0.2, 39.19558468437392, 3942.6416005519145)
(4, 0.2, 43.23013415892673, 4977.837633298934)
(0, 0.2, 37.43242296918768, 4170.516456582633)
(1, 0.2, 40.13305322128851, 4505.957983193277)
(2, 0.2, 44.355455177206395, 5231.2011813759555)
(3, 0.2, 38.80740999650472, 3786.534078993359)
(4, 0.2, 43.470873786407765, 5176.805825242718)
(0, 0.2, 38.81678082191781, 4597.500342465753)
(1, 0.2, 42.38458915785885, 5459.540402318446)
(2, 0.2, 47.41274710293115, 5723.375255623722)
(3, 0.2, 39.07505140507197, 4160.939342015079)
(4, 0.2, 43.38424821002387, 5541.661779747698)
(0, 0.2, 41.42789277231083, 5343.138106549033)
(1, 0.2, 40.71578590785908, 4586.388550135502)
(2, 0.2, 49.971303173531396, 6652.291357191087)
(3, 0.2, 39.53680981595092, 4078.5422631220176)
(4, 0.2, 42.61525366019748, 5367.614232209738)
(0, 0.2, 41.29520547945206, 4736.485616438356)
(1, 0.2, 44.123676118893066, 5569.069354287666)
(2, 0.2, 47.28756830601093, 5970.741803278688)
(3, 0.2, 41.70302821748108, 4794.82002752925)
(4, 0.2, 45.28991452991453, 6565.517606837607)
(0, 0.2, 43.40780984719864, 5270.121561969439)
(1, 0.2, 46.06769956214214, 7107.895924553722)
(2, 0.2, 49.07469717362046, 6416.751009421265)
(3, 0.2, 41.944781144781146, 5261.297643097643)
(4, 0.2, 43.22610169491526, 5654.725084745763)
(0, 0.2, 41.45380710659899, 5478.9292724196275)
(1, 0.2, 43.766216216216215, 5369.278378378378)
(2, 0.2, 51.07265388496468, 6315.353178607467)
(3, 0.2, 39.49104427171342, 4161.261912808382)
(4, 0.2, 45.91062965470548, 6190.542992552471)
(0, 0.2, 41.41826761038086, 4728.257499157398)
(1, 0.2, 45.8952861952862, 6076.071717171717)
(2, 0.2, 47.862659503022165, 5820.349563465413)
(3, 0.2, 37.622033898305084, 3880.475593220339)
(4, 0.2, 43.48091091761554, 5225.58137977227)
(0, 0.2, 39.0559068219634, 4455.348752079867)
(1, 0.2, 46.211717709720375, 6425.838215712383)
(2, 0.2, 47.608666666666664, 5843.364)
(3, 0.2, 43.03747072599531, 5015.0756105720975)
(4, 0.2, 44.24237400530504, 5681.9771220159155)
(0, 0.2, 39.96628131021195, 5044.168593448941)
(1, 0.2, 46.42948717948718, 6320.551923076923)
(2, 0.2, 45.964125560538115, 5346.5618193465725)
(3, 0.2, 44.41749758764876, 5050.7603731103245)
(4, 0.2, 42.75280538634178, 5499.360051298493)
(0, 0.2, 39.18435191403626, 3934.3515782404297)
(1, 0.2, 39.948846539618856, 4325.839184219325)
(2, 0.2, 45.432986227746056, 4845.723883103796)
(3, 0.2, 36.798446995273466, 3595.7606347062797)
(4, 0.2, 43.74510465901418, 5331.878122889939)
(0, 0.2, 37.349659863945575, 4265.746258503402)
(1, 0.2, 41.35523196749069, 4578.152387402642)
(2, 0.2, 43.7694125590817, 5395.919986495611)
(3, 0.2, 37.30034013605442, 4070.0397959183674)
(4, 0.2, 45.32092078537576, 6085.8388625592415)
(0, 0.2, 36.18745762711865, 3999.9813559322033)
(1, 0.2, 41.58719945817813, 5333.217406027768)
(2, 0.2, 46.14831081081081, 5891.52804054054)
(3, 0.2, 35.15609093993892, 3605.8639294197487)
(4, 0.2, 41.20798106188705, 4806.080486980048)
(0, 0.2, 38.823126924392746, 4732.229900786863)
(1, 0.2, 44.24606971975393, 5905.1435406698565)
(2, 0.2, 48.35360054347826, 5886.661345108696)
(3, 0.2, 37.59732693625771, 3878.2429746401644)
(4, 0.2, 44.536019119153295, 5369.091840218504)
(0, 0.2, 36.66393442622951, 3914.6065573770493)
(1, 0.2, 40.05962988348184, 5107.010966415353)
(2, 0.2, 46.37167235494881, 5387.610580204778)
(3, 0.2, 33.264877880976954, 3779.4657722738216)
(4, 0.2, 46.08467053601912, 6722.361898258791)
(0, 0.2, 38.40511945392492, 3981.6883959044367)
(1, 0.2, 44.281196871812305, 5858.576334580075)
(2, 0.2, 45.26231736323479, 4668.181787291879)
(3, 0.2, 38.88201094391245, 4045.066005471956)
(4, 0.2, 41.67029231815092, 5273.528891910265)
(0, 0.2, 44.791525423728814, 6447.288474576271)
(1, 0.2, 44.31420857239284, 6117.239622004725)
(2, 0.2, 49.41246190314934, 7217.04266847274)
(3, 0.2, 38.82988817350051, 4144.6970518468315)
(4, 0.2, 47.230121293800536, 7807.914757412399)
(0, 0.2, 41.89741892786234, 5100.072799470549)
(1, 0.2, 45.10545335085414, 5962.370893561104)
(2, 0.2, 50.269090909090906, 6066.985785123967)
(3, 0.2, 39.69701986754967, 4519.577152317881)
(4, 0.2, 44.169195250659634, 5919.353232189974)
(0, 0.2, 42.144101876675606, 5652.641420911528)
(1, 0.2, 47.65406490465038, 6331.326196052191)
(2, 0.2, 49.71776074641786, 6065.741086304565)
(3, 0.2, 40.491638795986624, 4458.828762541806)
(4, 0.2, 48.2960372960373, 7165.813186813187)
(0, 0.2, 40.07288428324698, 4159.451813471503)
(1, 0.2, 45.193881058783084, 5726.3090409075285)
(2, 0.2, 45.81540048126504, 4988.517359917498)
(3, 0.2, 38.95769764216366, 4091.5714285714284)
(4, 0.2, 44.901933701657455, 5933.911602209945)
(0, 0.2, 36.23952095808383, 3568.7629446988376)
(1, 0.2, 40.28035087719298, 3835.1070175438595)
(2, 0.2, 45.052025139664806, 4556.065293296089)
(3, 0.2, 38.937106918238996, 3981.0433263452132)
(4, 0.2, 41.44926522043387, 4829.997200839748)
(0, 0.2, 37.27417173766058, 3900.2072346179853)
(1, 0.2, 41.72063278357455, 4592.424099629754)
(2, 0.2, 46.008053691275165, 5785.808053691275)
(3, 0.2, 43.34964562942963, 5240.356058049274)
(4, 0.2, 44.362162162162164, 5303.447972972973)
(0, 0.2, 37.67108475758633, 3948.3693756539938)
(1, 0.2, 38.49059888579387, 4038.3701253481895)
(2, 0.2, 45.10269709543569, 5146.705048409405)
(3, 0.2, 35.71713985278654, 3452.583596214511)
(4, 0.2, 42.192762700069586, 5113.994432846207)
(0, 0.2, 40.90302613480055, 5585.4167812929845)
(1, 0.2, 42.02813036020583, 4908.060377358491)
(2, 0.2, 48.72733516483517, 5861.728708791209)
(3, 0.2, 41.87396408839779, 4737.997582872928)
(4, 0.2, 47.33848266392036, 6460.217301750772)
(0, 0.2, 39.40168067226891, 4549.56705882353)
(1, 0.2, 44.51750841750842, 4750.561952861953)
(2, 0.2, 45.59087860496311, 5378.6693494299125)
(3, 0.2, 38.93627781523938, 4132.248482805125)
(4, 0.2, 45.37541750167001, 5829.111556446226)
(0, 0.2, 38.52146422628952, 4343.185024958402)
(1, 0.2, 40.510978043912175, 4442.624085163007)
(2, 0.2, 46.01859229747676, 5134.584993359894)
(3, 0.2, 39.34133333333333, 4047.922666666667)
(4, 0.2, 45.74818241903503, 6372.074686054197)
(0, 0.2, 41.83897719419489, 6180.962681409814)
(1, 0.2, 42.77220877981334, 5856.12927756654)
(2, 0.2, 48.364762560220235, 6376.066758430833)
(3, 0.2, 41.484429065743946, 5246.813840830449)
(4, 0.2, 44.72153209109731, 7255.767080745341)
(0, 0.2, 38.736498108015134, 4276.928448572411)
(1, 0.2, 41.52669160149609, 4840.845290717443)
(2, 0.2, 44.15607923497268, 5100.216871584699)
(3, 0.2, 36.64703856749311, 3832.1318870523414)
(4, 0.2, 40.858321870701516, 4754.251719394773)
(0, 0.2, 39.2237998647735, 4767.473292765382)
(1, 0.2, 42.84493777329297, 5572.378742011436)
(2, 0.2, 49.098118279569896, 6503.0463709677415)
(3, 0.2, 40.37015830245874, 4818.833614011452)
(4, 0.2, 43.28230148048452, 5458.46534320323)
(0, 0.2, 39.255626469600266, 5030.613369163588)
(1, 0.2, 43.66143572621035, 5623.593322203673)
(2, 0.2, 47.806871247498336, 6541.655436957972)
(3, 0.2, 40.80323995950051, 4815.848801889976)
(4, 0.2, 45.20523138832998, 6742.221327967807)
(0, 0.2, 38.77796725784447, 4694.741814461118)
(1, 0.2, 40.23292349726776, 5091.24931693989)
(2, 0.2, 42.18249914879129, 4799.4620360912495)
(3, 0.2, 33.20841889117043, 2930.730663928816)
(4, 0.2, 41.40905994550409, 5148.572547683923)
(0, 0.2, 32.51748009691935, 2907.681896850121)
(1, 0.2, 40.8814379536813, 4308.4300034566195)
(2, 0.2, 42.95272601794341, 4260.148723257419)
(3, 0.2, 37.707266435986156, 3700.5882352941176)
(4, 0.2, 43.845435684647306, 5289.520401106501)
(0, 0.2, 41.80767935331762, 4978.370831929943)
(1, 0.2, 47.16217127444369, 5655.1412677006065)
(2, 0.2, 50.920805369127514, 6609.5503355704695)
(3, 0.2, 43.43308675184936, 5262.946872898453)
(4, 0.2, 44.19325463743676, 5776.199325463744)
(0, 0.2, 36.664174031271244, 3842.418082936778)
(1, 0.2, 41.14100817438692, 4320.309945504087)
(2, 0.2, 42.44361413043478, 4229.286684782609)
(3, 0.2, 35.181787175989086, 3306.1415416098225)
(4, 0.2, 41.63528212100612, 5524.357919782461)
(0, 0.2, 34.44432624113475, 2766.1060283687943)
(1, 0.2, 40.92315826577371, 4037.435671483962)
(2, 0.2, 41.15395480225989, 4173.412429378531)
(3, 0.2, 38.53286219081272, 3654.0219081272085)
(4, 0.2, 43.39295774647887, 4922.956338028169)
(0, 0.2, 43.35017301038062, 6652.371626297578)
(1, 0.2, 45.88424326192121, 6299.790255701451)
(2, 0.2, 48.86079447322971, 6347.440414507772)
(3, 0.2, 39.32512144344206, 4711.61866759195)
(4, 0.2, 47.8642955801105, 6610.089433701657)
(0, 0.2, 40.3280725319006, 4826.778710543989)
(1, 0.2, 41.11467736542962, 4970.7442326980945)
(2, 0.2, 45.57783729494476, 5306.54536324071)
(3, 0.2, 39.075808625336926, 4506.670148247978)
(4, 0.2, 39.48189134808853, 4435.964118041583)
(0, 0.2, 43.107317073170734, 5559.313588850174)
(1, 0.2, 42.779329608938546, 5093.985335195531)
(2, 0.2, 48.640989891948415, 6177.936214708958)
(3, 0.2, 42.5300316122234, 6068.237794169301)
(4, 0.2, 43.90530697190427, 5839.816510579258)
(0, 0.2, 44.144333333333336, 6535.531666666667)
(1, 0.2, 44.52318985652319, 6015.190523857191)
(2, 0.2, 49.98602329450915, 6951.128785357737)
(3, 0.2, 43.066311229590134, 5867.521492835722)
(4, 0.2, 47.0819453697535, 7830.806129247168)
(0, 0.2, 41.65160642570281, 5035.368473895583)
(1, 0.2, 46.687290969899664, 6181.823076923077)
(2, 0.2, 49.64369354299097, 6430.981264637002)
(3, 0.2, 40.909304669129995, 4756.264360094055)
(4, 0.2, 47.18358458961474, 6360.973869346733)
(0, 0.2, 39.67123287671233, 5136.559589041096)
(1, 0.2, 43.460643394934976, 5182.15742642026)
(2, 0.2, 48.61118690313779, 5924.967939972715)
(3, 0.2, 39.32119546547578, 4452.830642390931)
(4, 0.2, 42.59263050153531, 5871.412146025247)
(0, 0.2, 37.72606568832984, 3973.5814116002794)
(1, 0.2, 39.29333333333334, 4652.065964912281)
(2, 0.2, 47.2020202020202, 6169.598397770812)
(3, 0.2, 36.316859446196986, 3490.0)
(4, 0.2, 44.509210983663536, 6181.713938129997)
